2	hydro	131.52	41.714134975	0.0	0.0	0.0	6
5	hydro	5.327	1.804127695	0.0	0.0	0.0	6
8	dfo	1.956	0.821661266	16.471	8.01688	0.98	1
8	hydro	8.884	2.215969841	0.0	0.0	0.0	2
8	ng	283.05499999999995	53.48086387699999	9.084666666666664	6.228136666666667	141.51999999999998	3
8	wind_offshore	1.0	0.0	0.0	0.0	0.0	1
10	wind_offshore	1.0	0.0	0.0	0.0	0.0	1
13	dfo	827.532	302.54741595	16.471	8.01688	412.04	4
13	hydro	13.042	3.5235916840000003	0.0	0.0	0.0	2
13	wind_offshore	1.0	0.0	0.0	0.0	0.0	1
15	hydro	43.150000000000006	14.214148890999995	0.0	0.0	0.0	8
16	hydro	55.01700000000002	10.63066613	0.0	0.0	0.0	11
17	ng	260.384	109.58929059	7.5305	4.75505	130.2	2
18	wind	60.201	0.0	0.0	0.0	0.0	1
19	dfo	31.866000000000003	10.036005457999998	29.6478	14.430384	15.96	5
19	hydro	2.295	0.708711075	0.0	0.0	0.0	1
20	hydro	57.19500000000001	19.544454724	0.0	0.0	0.0	2
20	wind	126.422	0.0	0.0	0.0	0.0	1
21	hydro	3.593	0.628856306	0.0	0.0	0.0	1
23	hydro	31.28	8.145186442	0.0	0.0	0.0	6
24	hydro	22.859	5.719597833000001	0.0	0.0	0.0	4
24	wind	13.545	0.0	0.0	0.0	0.0	1
25	hydro	10.614	3.483664301	0.0	0.0	0.0	7
26	hydro	13.675999999999998	4.282211989	0.0	0.0	0.0	3
27	hydro	27.35	6.598000291999999	0.0	0.0	0.0	4
29	hydro	78.356	27.130657785	0.0	0.0	0.0	3
30	hydro	16.387999999999998	4.691467681	0.0	0.0	0.0	4
30	wind	180.603	0.0	0.0	0.0	0.0	1
31	hydro	2.696	0.7686021519999999	0.0	0.0	0.0	4
31	ng	347.938	112.95674477	6.8455	4.81689	173.96	2
32	dfo	1.956	0.899914719	16.471	8.01688	0.98	1
32	hydro	9.435	2.3357519940000007	0.0	0.0	0.0	5
32	wind	248.329	0.0	0.0	0.0	0.0	2
34	hydro	22.329	5.470051679999999	0.0	0.0	0.0	8
34	ng	103.396	37.72497262	13.314	9.28834	51.7	1
35	hydro	44.418	10.690557206	0.0	0.0	0.0	4
36	dfo	12.227	4.568045369	16.471	8.01688	6.11	1
37	dfo	34.236	11.405440901	32.942	16.03376	17.12	1
37	hydro	2.196	0.728674767	0.0	0.0	0.0	1
37	ng	534.912	159.46555562999998	6.769333333333333	4.82301	267.45000000000005	3
38	hydro	3.635	1.17654579	0.0	0.0	0.0	1
40	hydro	2.117	0.697260005	0.0	0.0	0.0	3
42	dfo	86.797	18.48743019	16.471	8.01688	43.4	1
44	coal	229.6	97.66	6.722	8.01688	90.42	1
44	dfo	8.094	2.067204147	21.96133333333333	10.689173333333336	4.04	3
44	hydro	8.991	3.204413331	0.0	0.0	0.0	4
45	hydro	4.4	0.650448079	0.0	0.0	0.0	1
46	hydro	25.73	6.714919875	0.0	0.0	0.0	6
47	dfo	3.774	0.861684487	16.471	8.01688	1.89	1
47	hydro	13.384	5.138821865	0.0	0.0	0.0	2
49	hydro	1.674	0.774798447	0.0	0.0	0.0	1
49	ng	1023.534	426.0540529	6.385000000000001	4.92399	403.38	3
50	hydro	16.741	6.542742443	0.0	0.0	0.0	3
51	wind_offshore	1.0	0.0	0.0	0.0	0.0	1
52	dfo	0.528	0.167724474	65.884	32.06752	0.28	1
52	nuclear	1226.313	457.1126794	1.0	8.0	0.0	1
53	dfo	0.588	0.253683267	32.942	16.03376	0.3	1
53	hydro	9.852	2.487007361	0.0	0.0	0.0	2
53	wind	52.014	0.0	0.0	0.0	0.0	1
55	hydro	143.109	42.989538971	0.0	0.0	0.0	3
57	hydro	7.461	2.133087083	0.0	0.0	0.0	2
58	hydro	14.348	1.89395176	0.0	0.0	0.0	1
59	hydro	25.733	4.840098941	0.0	0.0	0.0	5
60	dfo	3.9	0.960222616	16.471	8.01688	1.95	1
60	hydro	5.24	2.176042456	0.0	0.0	0.0	1
65	hydro	103.223	39.574154524	0.0	0.0	0.0	4
66	dfo	4.445	1.790458765	16.471	8.01688	2.22	1
67	ng	784.4879999999999	186.09093667	5.786666666666666	4.84159	356.07	3
68	hydro	21.126	7.773928715	0.0	0.0	0.0	8
69	dfo	3.918	0.665969049	32.942	16.03376	1.96	1
72	dfo	48.48	12.878666176	27.451666666666668	13.361466666666669	24.24	3
72	hydro	11.864	3.756878537	0.0	0.0	0.0	3
72	solar	18.296	0.0	0.0	0.0	0.0	3
73	hydro	8.664	2.882701812	0.0	0.0	0.0	3
74	hydro	21.855000000000004	4.287628689	0.0	0.0	0.0	4
74	solar	13.505	0.0	0.0	0.0	0.0	3
76	dfo	12.928	2.546352248	16.471	8.01688	6.46	1
78	dfo	21.938	6.267943994	24.7065	12.02532	10.96	2
78	hydro	10.324	3.132466591	0.0	0.0	0.0	6
79	solar	12.415	0.0	0.0	0.0	0.0	2
80	hydro	14.153	4.193966897	0.0	0.0	0.0	1
81	wind	26.007	0.0	0.0	0.0	0.0	1
83	hydro	9.578	3.017991068	0.0	0.0	0.0	5
83	wind	65.0	0.0	0.0	0.0	0.0	1
84	dfo	1.464	0.557683878	49.413	24.05064	0.72	1
84	hydro	40.172	14.465543392	0.0	0.0	0.0	2
86	wind	40.0	0.0	0.0	0.0	0.0	1
87	hydro	6.244	1.914863298	0.0	0.0	0.0	1
88	dfo	40.938	18.58837141	16.471	8.01688	20.47	1
88	hydro	14.778	5.609300641000001	0.0	0.0	0.0	4
88	solar	8.277	0.0	0.0	0.0	0.0	1
90	hydro	40.835	9.52804187	0.0	0.0	0.0	4
90	wind	6.0	0.0	0.0	0.0	0.0	1
93	hydro	21.022	8.908277083	0.0	0.0	0.0	4
95	hydro	36.318	10.136287241	0.0	0.0	0.0	3
95	solar	8.712	0.0	0.0	0.0	0.0	2
96	ng	23.241	7.489655172	6.604	4.60424	11.62	1
96	solar	28.802000000000003	0.0	0.0	0.0	0.0	6
97	solar	18.917	0.0	0.0	0.0	0.0	2
97	wind	5.711	0.0	0.0	0.0	0.0	2
98	dfo	197.641	55.662102644	21.96133333333333	10.689173333333336	98.82	6
98	ng	339.661	72.309045232	8.7324	6.447977	169.84	10
99	wind	4.111	0.0	0.0	0.0	0.0	1
100	solar	10.736	0.0	0.0	0.0	0.0	1
101	solar	11.078	0.0	0.0	0.0	0.0	1
102	dfo	9.546	2.6516987290000005	49.413	24.05064	4.7700000000000005	1
102	hydro	23.8	7.880000162	0.0	0.0	0.0	2
102	ng	435.266	86.55444463	6.282333333333333	4.77776	202.96	3
102	solar	26.244	0.0	0.0	0.0	0.0	4
103	dfo	20.035	4.37235657	16.471	8.01688	10.02	1
103	hydro	30.957	10.080000208	0.0	0.0	0.0	12
103	ng	4.987	2.408733322	5.468	4.57825	2.49	1
103	solar	9.885	0.0	0.0	0.0	0.0	1
104	dfo	630.0420000000001	187.2806422	98.826	48.10128	315.0	1
104	hydro	5.0	1.680000035	0.0	0.0	0.0	2
104	ng	245.493	39.904054756	18.547	14.063009999999998	122.76	1
105	solar	14.146	0.0	0.0	0.0	0.0	3
106	ng	17.125	4.845693987	6.800000000000001	4.58334	8.56	2
106	solar	8.521	0.0	0.0	0.0	0.0	1
107	dfo	16.735	7.259761853	16.471	8.01688	8.37	1
107	hydro	8.4	3.350000069	0.0	0.0	0.0	1
107	ng	1661.2529999999997	519.580713944	6.105857142857142	4.909115714285713	740.1099999999999	7
108	solar	4.886	0.0	0.0	0.0	0.0	2
109	dfo	21.57	5.668742615	148.239	72.15192	10.8	1
109	solar	7.839	0.0	0.0	0.0	0.0	1
111	ng	79.978	15.647357477	5.587	4.62809	39.98	2
112	hydro	15.999	3.790000078	0.0	0.0	0.0	1
112	solar	6.817	0.0	0.0	0.0	0.0	1
113	dfo	48.08399999999999	13.741692077	49.413	24.05064	24.059999999999995	2
113	solar	10.907	0.0	0.0	0.0	0.0	1
114	ng	1024.831	291.005094477	8.730599999999999	6.6914940000000005	467.17	5
114	wind	6.852	0.0	0.0	0.0	0.0	3
115	solar	9.544	0.0	0.0	0.0	0.0	1
116	solar	9.374	0.0	0.0	0.0	0.0	1
117	solar	26.246	0.0	0.0	0.0	0.0	4
118	ng	5.928	2.672188529	6.273	4.57959	2.96	1
118	solar	33.82900000000001	0.0	0.0	0.0	0.0	5
118	wind	9.253	0.0	0.0	0.0	0.0	2
119	dfo	16.5	4.98519361	82.355	40.0844	8.25	1
119	hydro	5.1	1.630000034	0.0	0.0	0.0	2
119	ng	2.635	0.461046612	6.52	4.5749	1.32	1
119	solar	9.374	0.0	0.0	0.0	0.0	1
121	dfo	48.909000000000006	15.261999349	16.471	8.01688	24.45	2
121	ng	165.112	67.65153352	24.758	18.51972	82.56	1
121	solar	5.6240000000000006	0.0	0.0	0.0	0.0	1
121	wind	17.133	0.0	0.0	0.0	0.0	1
122	ng	543.846	170.51197369	6.423500000000001	4.95838	242.58	2
122	solar	3.749	0.0	0.0	0.0	0.0	1
123	dfo	159.102	49.19195774000001	16.471	8.01688	79.56	3
124	coal	372.976	78.16313755	3.123	8.01688	135.75	1
124	dfo	560.392	72.64475984	16.471	8.01688	219.61	1
129	dfo	172.43099999999998	61.18942133	49.413	24.05064	86.22	1
129	ng	188.182	40.76028418	5.509	4.83913	94.09	1
129	solar	12.27	0.0	0.0	0.0	0.0	3
132	dfo	1372.99	449.8813137	16.471	8.01688	486.1	2
132	solar	29.823000000000004	0.0	0.0	0.0	0.0	7
132	wind	11.194	0.0	0.0	0.0	0.0	3
132	wind_offshore	1.0	0.0	0.0	0.0	0.0	1
133	ng	167.482	42.20928781	11.298	9.3808	83.74	1
134	ng	543.846	121.13294057	6.4575	4.95838	242.58	2
136	dfo	52.32899999999999	13.6238388	24.7065	12.02532	26.19	6
137	hydro	712.425	232.940004805	0.0	0.0	0.0	6
137	solar	11.759	0.0	0.0	0.0	0.0	2
138	hydro	57.66	13.270000274	0.0	0.0	0.0	6
138	solar	5.113	0.0	0.0	0.0	0.0	1
139	ng	338.728	116.5601109	6.3165	4.81233	169.36	2
139	solar	18.746	0.0	0.0	0.0	0.0	4
141	solar	12.612	0.0	0.0	0.0	0.0	1
142	solar	14.997	0.0	0.0	0.0	0.0	2
142	wind	2.284	0.0	0.0	0.0	0.0	1
143	nuclear	617.001	298.4075212	1.0	8.0	0.0	1
143	wind_offshore	1.0	0.0	0.0	0.0	0.0	1
146	hydro	2.8000000000000003	0.96999997	0.0	0.0	0.0	4
146	ng	363.285	150.78106047	5.808	4.74359	181.65	3
146	solar	16.872	0.0	0.0	0.0	0.0	2
147	hydro	611.2	113.640002346	0.0	0.0	0.0	3
147	wind	32.552	0.0	0.0	0.0	0.0	1
149	dfo	12.3	4.346	49.413	24.05064	6.15	1
149	ng	982.128	333.9535841	14.167799999999996	9.405224	491.08	5
149	wind	30.6	0.0	0.0	0.0	0.0	1
151	solar	2.809	0.0	0.0	0.0	0.0	1
151	wind	10.2	0.0	0.0	0.0	0.0	1
151	wind_offshore	832.0	0.0	0.0	0.0	0.0	5
153	ng	508.90199999999993	168.9538261	22.5985	14.05404	254.46	2
153	solar	5.7940000000000005	0.0	0.0	0.0	0.0	1
154	ng	345.23	103.641504127	6.39425	4.688219999999999	172.6	4
154	wind_offshore	803.0	0.0	0.0	0.0	0.0	4
155	hydro	57.866	17.869999871	0.0	0.0	0.0	2
155	ng	4.772	2.263719683	5.321	4.57691	2.39	1
156	hydro	6.0	2.449999982	0.0	0.0	0.0	4
156	ng	40.282	12.239621619	8.286999999999999	6.88104	20.13	2
157	ng	598.5409999999999	143.413299897	5.9122	4.715698	299.28000000000003	5
160	ng	82.226	34.033471898	5.23025	4.59597	41.1	4
161	dfo	41.886	11.115028819	16.471	8.01688	20.94	2
161	hydro	10.6	3.6999999729999993	0.0	0.0	0.0	4
166	dfo	464.198	132.390848876	54.903333333333336	26.722933333333334	232.07	3
166	hydro	20.7	5.829999958	0.0	0.0	0.0	4
166	ng	641.388	206.76416101	5.769	4.95838	262.64	2
167	ng	15.314	4.871435984	11.539	9.16078	7.66	1
171	dfo	637.199	233.44442549900003	16.471	8.01688	318.59000000000003	5
172	ng	621.414	139.89565706000002	5.551	4.94632	259.12	2
173	ng	5.104	2.263719683	5.709	4.57731	2.55	1
175	dfo	542.615	163.92025647400004	22.3535	10.88005142857143	271.29999999999984	14
175	hydro	4.859999999999999	1.369999991	0.0	0.0	0.0	1
175	ng	23.525	7.889728895000001	5.1785	4.58535	11.76	2
175	solar	10.08	0.0	0.0	0.0	0.0	1
176	dfo	117.203	41.93353568999999	26.3536	12.827008	58.580000000000005	5
178	ng	512.666	228.2029181	5.353	4.88067	234.68	2
179	dfo	232.484	41.712580065	65.884	32.06752	116.24	1
180	dfo	756.436	213.683306852	16.471	8.01688	378.2000000000001	6
181	hydro	8.0	3.4299999750000003	0.0	0.0	0.0	1
182	ng	78.798	18.409367421	8.224499999999999	6.90429	39.39	2
182	solar	2.52	0.0	0.0	0.0	0.0	1
185	dfo	7.973	2.142308926	27.451666666666668	13.361466666666669	3.98	3
185	ng	370.627	103.820398788	5.6555	4.645733333333333	185.31	6
187	dfo	9.608	2.507366051	16.471	8.01688	4.8	4
187	ng	44.385	13.648898087	13.7115	11.454675	22.19	2
187	nuclear	1888.898	821.6083885	1.0	8.0	0.0	2
