347462	165413	43804	74012	54510	31522	39229	26028	175230	157504	965036	194478	16145	128283	204955	59465
257581	157682	33136	77964	55706	40586	33609	34305	186442	163264	930029	184605	16703	116484	190854	63166
345127	176660	42876	86826	74930	35166	39670	28594	163137	166045	904357	200678	17419	113156	224342	56422
314778	172911	44061	98683	70316	27331	36584	29960	187542	120760	739822	202744	17678	106046	184560	72295
278203	160259	41021	105150	62627	40404	43912	27601	147307	171209	853013	174043	15389	98028	152331	51816
282872	140812	42361	101078	55364	32205	40882	31160	162258	165250	924194	175191	14274	104381	151576	68923
333843	199621	33652	102395	53058	29472	42369	32939	193258	162867	842511	178406	13159	119055	226356	50006
252523	171739	31229	92096	73307	29791	44628	26401	146867	132280	996543	173813	17340	102264	188337	56586
319836	206415	31333	72695	66557	40951	49422	36663	187762	156511	948700	201596	11945	106499	172222	55928
296879	202432	45504	97246	53997	27468	45234	36581	138952	177366	711816	186442	17200	119812	165928	62837
298047	204775	39784	99521	63567	36669	35041	28884	190180	136848	993042	193789	17797	121173	221572	66867
342403	158853	32363	82276	65104	37626	36805	34429	161158	161278	976706	154526	14772	107558	170460	59300
348629	202901	35146	90060	73990	39539	44573	35587	133236	124931	791166	153149	14055	92128	221069	60699
341236	141047	31281	81078	56988	35394	39008	31077	153243	135259	799335	185983	13915	96666	156863	61521
259915	197512	44989	99641	61687	39402	47493	25780	137853	127513	872850	162333	14692	91523	223083	71144
287541	158150	46277	94491	72196	33389	42645	35215	192818	120561	779497	186212	16444	132217	219810	73529
259137	155573	36847	77725	64421	28697	40937	31574	166655	168031	956868	151312	13278	128435	175244	50335
237737	185329	39578	73533	62285	35120	47328	31491	160499	151148	823840	148097	13617	129342	153338	60781
275479	161196	41691	104072	63823	29700	45840	28842	160939	133471	722319	182309	16742	123442	202940	51322
308941	175020	39990	95569	60064	36760	45124	32980	184684	148964	919527	185064	16543	127981	167690	59958
329952	189780	44525	72814	71683	32023	44904	29091	176109	173989	973205	188049	14851	109979	184812	49348
233846	168459	38341	100719	68437	36988	36419	36912	167754	149957	826174	143964	17141	126014	218047	73282
289876	195169	35352	98802	58697	30474	36198	25491	140052	126321	787666	182998	12203	93641	158122	66127
234235	197746	44268	90419	58953	38855	45730	34925	183804	147176	702481	163711	17817	105440	171215	49431
262250	200792	38650	99761	57500	40359	46942	28015	153463	169024	982540	152230	12741	105592	209990	58807
263417	164710	32672	80000	55877	39858	35262	35918	156541	119369	1016381	199989	12880	115273	211501	49677
307774	166585	36486	73773	63310	35986	46116	32360	193038	162072	856514	161415	17758	134940	186322	67196
336567	148544	32209	92695	71598	36350	35482	34801	169513	168825	716484	154297	17061	112702	209487	61356
312832	188843	41588	104192	55621	31066	35427	28718	150385	129300	893855	175421	13716	131611	164165	70733
293767	153699	41949	91018	52716	40814	35647	30994	191279	165846	1012880	206418	13776	97877	211249	55764
341625	185797	34888	83114	75699	38719	34270	36291	174790	130293	945199	170599	15170	99238	219558	72378
260824	167713	38283	109016	69021	32225	38616	33689	164960	158436	731411	166306	18669	95096	191122	55627
352052	208515	36811	101724	73994	34326	37563	29285	179235	130101	964766	168438	13231	95557	166884	62202
360090	159703	42046	85438	65335	31354	38850	34570	150684	168613	1017010	157777	17235	113502	220156	53268
267656	212269	37411	83372	68936	39295	48562	36684	153403	168213	990307	184547	14280	92029	223691	63719
294582	209015	43955	104154	74080	39142	47860	27612	166772	136885	929937	186680	13873	106600	160572	58577
287348	151943	41064	103182	57532	33404	39142	29902	191244	154246	1018171	204684	13467	106753	219399	61527
272880	151192	47936	96862	52902	40679	48270	30739	188752	155642	804552	198525	17277	136970	186830	68607
263235	213521	37847	80820	52045	44521	35807	39018	176063	174200	900913	149249	19097	126080	175216	59083
313069	208264	47009	104519	61219	33711	45344	34218	196003	169012	904396	199235	13488	124699	165622	60347
329144	150691	44446	93581	75366	41447	36978	37344	180821	161828	918327	166543	15929	100618	203493	51750
241533	182732	46627	99171	64048	31457	43940	39458	147738	161629	790621	205632	18541	130067	199201	63297
360491	172218	38065	74014	54017	37195	39903	38842	191471	147661	925293	175308	16913	132215	174458	52509
350846	165961	35884	103060	72623	30791	46690	36067	202574	151053	780172	200657	14109	130988	161835	58493
313471	205511	42973	101359	64992	33813	44759	35275	151137	147062	969410	212265	16657	119024	191374	53857
308648	157450	39156	102817	66192	30893	46866	31840	194643	133493	895108	212028	14430	113196	158300	63129
273282	158952	38829	92487	58904	32123	42887	31047	179008	160431	751148	193076	13424	124392	205008	69787
335173	222032	43846	97713	64134	37297	35281	26467	158615	148658	927615	154224	18519	104453	223438	50992
321910	176474	35393	92973	74595	31303	36802	35143	151591	169211	893947	143089	12953	115189	205513	58325
356071	196499	33048	104276	58047	36273	43706	30651	159068	136287	921810	169386	15029	121325	179508	61780
287750	157700	40901	80577	70736	43548	41951	29858	168585	164821	747665	211554	17620	101999	199453	70883
329546	166461	43464	78875	63705	31764	39494	27040	172890	123915	828933	179809	13060	130834	215611	65489
321509	218277	34411	94553	55389	35043	46983	30122	149778	167615	779011	183600	13081	122245	156533	60432
355267	199753	45809	86896	74166	34121	37387	29197	165413	139679	934581	170570	16699	134516	209805	65826
294984	182481	33866	93095	71937	44316	46807	29330	197815	149656	881176	146406	17256	120098	211572	72821
333967	210267	45318	91029	67907	41293	51137	32104	140034	174998	993790	165358	18155	119331	214349	68691
336780	165460	41501	100630	75195	43701	43238	32324	179461	138083	940386	183363	13809	118104	226720	59505
248767	177225	34793	92852	55560	34787	49147	38313	154763	159035	947352	162989	19076	110435	192889	59589
302620	195748	33157	84587	66363	38578	35690	31399	175383	120523	812679	202789	16271	126540	173449	63887
228272	131356	32644	67029	43462	27752	37337	20246	129985	124928	675836	114723	10974	94037	132929	52190
173054	115546	24098	77953	45296	27984	30533	24706	135695	101262	644842	129717	13233	75185	155939	44341
234819	108818	23444	63620	54871	24784	37912	22653	125619	98537	526032	115769	9524	75631	129920	46078
199240	135729	31027	76729	41493	33958	37426	24385	136703	110442	560470	148547	10272	85559	145496	52250
190132	112855	28564	71223	60915	30181	37823	24995	132001	112736	625901	135994	13431	99503	134345	44461
210340	144138	28448	55144	49235	26442	33670	28653	117558	103270	687028	131809	11722	88459	149390	50273
220872	108650	32952	58464	52155	25286	37956	23968	145268	120912	570801	137388	9356	79647	131159	38708
236526	147165	32182	58202	53174	32995	33361	27530	116382	126793	650868	127450	10806	69719	112574	45359
242788	143297	25561	59251	40882	30720	29030	21787	147955	104561	672392	134250	10623	90356	127265	53389
224003	126142	33992	53308	57792	33688	27396	20182	130657	101549	522589	108097	10257	81208	136115	45419
221726	116891	26947	63533	48895	25363	39193	19348	109497	98250	540668	121348	10119	85113	144434	51351
182447	146493	27101	73845	52223	25594	35261	21947	113863	108434	568218	111236	9814	87121	135407	51831
225141	131524	31104	64669	56026	27059	38663	23006	112016	127940	718021	111759	10959	79424	144257	40805
196678	115041	28833	74107	57180	31530	33449	23134	147619	88497	668087	132332	10531	72842	146204	43981
214610	120760	33183	61261	52562	24438	27351	20054	113359	88640	576828	120302	11661	91136	150629	48355
187001	137915	26793	75506	46247	25632	31328	26022	102779	109151	685306	138957	10287	82212	117707	39547
176470	139597	27178	69213	55822	23744	30135	21530	111848	122777	594907	145234	9463	85894	158240	41644
192978	129169	29488	58639	44006	33804	38972	28300	105130	100832	647425	122743	11783	86897	153638	53688
219733	104782	30142	53920	60100	31838	31019	22910	132840	113740	742989	151336	10913	90467	132398	43801
196109	137074	34030	52522	45975	25208	29649	26824	100932	117757	710273	129194	11508	71169	120185	44640
255881	108986	24329	70786	43870	33419	29693	24161	113023	114601	566497	155521	11859	79089	157532	50932
220018	118741	33607	66504	56162	23474	30268	20567	111512	107860	748154	134773	11050	96825	146027	53568
235957	101082	24830	73496	59489	31376	29870	25476	136535	96959	586298	112805	12897	87232	155408	47696
237096	147670	23521	67553	50321	26365	35968	23583	135024	86058	618153	121174	10104	73846	129566	44161
245065	121432	23174	56367	48284	30104	27572	20535	129650	127510	574245	113851	9784	89240	127442	38049
185009	127487	29834	76816	49846	34382	28368	27690	119741	121342	580272	151685	11951	89575	149036	39307
233111	127655	33299	54969	58742	32609	27219	26375	112688	125932	761929	141921	12836	92363	148505	42423
216887	130010	30450	73321	58674	28099	29737	25573	137879	107143	723187	134599	12149	84220	153815	39487
233680	119078	28179	67903	40746	27174	26954	20984	107146	111159	693054	119256	11493	68826	126911	43082
212902	150866	31258	77865	57248	24746	31549	22268	104627	124785	681001	140004	11524	83328	124079	40865
210056	151202	27447	56891	58810	24206	35879	21369	132505	92800	668948	126056	13554	83439	130451	49314
151955	114494	27147	52761	41331	24081	33332	22459	111309	79535	457566	92081	9638	74639	137466	40313
173451	122420	28418	63794	40080	23421	28215	18634	84545	83933	459659	91629	10180	68683	126364	32194
151708	97907	22943	54037	55837	30301	24767	22277	94153	90467	505694	119961	9355	62816	119017	39746
206560	96586	26984	55838	44144	23004	26102	18529	100603	80289	575445	96904	7635	75632	133058	35451
201865	93944	28972	56439	55274	27625	23247	21548	115564	107304	491047	132018	7941	67329	129792	39652
172463	95999	27734	59816	44520	21371	32516	18816	104721	111199	592185	123277	10191	55325	128976	41682
165545	92329	27766	48183	45708	23455	30403	16135	94015	91095	534990	117852	10368	66968	132731	37953
166533	115521	23856	55088	41393	24011	23062	21392	88526	84184	624968	112577	8283	64531	134200	40785
167521	118898	25811	47808	38767	30336	23025	21730	90035	87828	621481	107302	8731	77257	131751	36537
206066	97467	26332	61467	44019	28633	29995	20846	110074	106550	532897	112878	9060	79603	120323	33846
164803	127705	25322	65144	38454	29606	25583	20742	118583	99388	507089	116495	10227	80777	140731	30258
202854	117136	21379	67021	46395	29641	27771	19805	102250	99890	431061	125236	7128	65795	99099	32430
149731	128732	26104	55463	55462	23768	22283	23058	95388	89210	455474	123729	7199	54423	110528	38755
156897	127118	27180	65520	49209	22552	29847	22173	116662	75891	472911	102028	7105	68412	120486	39888
160850	113173	20890	59741	41768	24637	26992	20794	90310	105168	623573	114837	9155	66426	134853	35168
195688	117870	28386	51110	45082	30023	23210	23396	106505	100016	593580	131566	8601	74278	108079	30164
193712	107155	21868	65895	52898	21649	29921	18087	111172	83305	564285	113481	9261	60740	103181	40171
201618	94678	19847	48933	46458	25262	31182	19622	104995	112204	620086	103233	8825	57852	117058	39510
179381	119044	29200	51860	39580	26374	29699	18477	118446	104539	611018	103535	9343	58033	101385	41635
214220	99962	21998	45781	51835	22483	32628	20455	117760	109565	514064	104891	8306	66517	111017	35734
203595	112732	28451	46382	47771	21058	29068	22251	113505	108057	528015	117701	10133	65614	119670	30730
162580	102311	24833	63493	42206	24811	25175	21210	108976	89964	590093	120715	7140	79513	127180	38141
153932	97613	28777	47658	50335	23838	22876	23214	107603	82300	626363	97958	10038	59477	121466	38566
190500	91155	27571	57714	45583	31204	22617	16916	87977	93105	555217	91930	8542	65885	144812	36064
205572	92476	27017	45331	51648	23317	24026	20611	121877	104916	495232	129305	8943	66697	144486	33799
174192	90861	26658	52986	51585	23143	29179	17332	94290	112581	538477	95547	7328	62094	107099	39038
161838	96733	19749	57489	39142	24150	28327	22069	121191	88708	553125	118454	7847	62365	135017	35970
163815	130494	20597	53812	50647	28320	28549	22902	119955	78530	613111	127798	8412	55867	107915	39274
216690	125503	23497	52311	54149	20954	32034	22797	118720	98634	532200	99013	9897	78159	105140	40974
220891	99081	23106	55613	45457	25714	32887	19987	108701	79158	588000	111974	10168	69314	114119	32571
110559	63453	16328	37739	33206	19949	20679	11597	51818	41580	283085	54439	5637	34518	57593	25959
126950	67672	16776	40286	45369	23568	19511	13737	66191	40906	245469	59303	6066	33476	77093	27413
103556	62662	15274	28570	35628	19243	21078	12809	65802	49262	292779	64764	4278	41927	69203	22079
131420	69517	14578	40101	47360	25598	21448	13454	54848	54653	306352	56573	5262	33530	73466	27834
125460	73384	13883	29080	47683	26039	21875	10244	60053	48117	232672	72785	5810	41488	61947	28286
90742	57213	18481	27830	32398	19125	17831	11345	61685	58360	321088	54354	5470	37262	79724	19526
133953	71890	14332	34775	33367	23744	25123	10574	56014	42860	326904	67836	6073	48512	55779	25894
126205	57653	14847	31071	42839	20390	19113	11566	51041	50273	272227	64935	4915	40719	66845	22144
128291	72066	15677	33803	36489	19360	21534	12573	67356	60179	309454	60156	6032	38469	70926	21724
95659	76987	17292	41397	41494	20655	22730	9756	66657	57214	283472	56658	6136	47415	61675	24795
113986	61520	18929	28524	41009	23156	21989	12116	58111	57821	256715	68775	5997	46921	79905	26411
103407	66353	19625	35053	40740	18684	19340	13485	50886	57484	302474	72700	6025	46372	73103	25668
96106	78130	17741	33664	45584	22921	25464	11534	55936	56743	327292	73297	4174	43738	72105	19493
130079	59674	18436	35563	46606	23009	18344	10464	55858	59371	325741	58791	5054	34902	66028	23049
110410	55280	19243	41582	35143	22891	20138	11298	64637	52834	234223	54098	6212	48402	77003	25377
119947	64332	19557	38248	32937	20067	23214	13438	65336	54047	311393	62802	5103	47634	66391	25829
89848	68111	18212	35007	47790	24568	21819	11802	64093	48251	305576	52221	5255	45713	59589	25603
120692	53698	18234	41073	46929	25157	18828	10637	53683	42591	330395	57085	4236	47908	76459	22823
105791	76284	17875	32367	44400	19007	24183	12636	68677	53980	279982	61607	4694	46701	73647	19687
108175	63365	15902	36674	47521	21538	23698	11550	68599	45623	273778	52562	4895	36439	57956	19590
131271	72505	15341	31766	40417	23597	23243	11109	56324	56473	249735	53160	5546	36329	56324	21401
101917	75493	18795	34683	41117	21008	23414	13234	63161	51621	254776	61351	5186	46756	74735	27672
115476	73296	18414	37044	39772	19478	22132	12525	63782	40704	294718	71932	5338	37811	58410	27575
101768	61256	15027	36628	46337	18154	24923	13218	54537	59236	321475	69628	5935	45110	76277	27220
93871	58004	14668	30608	46230	24186	17688	9772	49099	57888	294330	66300	6004	41378	62945	25635
102662	77691	18077	33016	37511	23303	25094	13296	52207	58023	278431	64252	5172	33805	56051	26379
123672	59762	15812	30052	41709	19831	24354	13407	51663	57012	319924	54610	4222	47963	55870	27543
98639	79009	16036	41258	36220	25039	20337	10936	49798	49667	328456	53842	6052	33695	55598	27446
105940	62574	15251	27876	47252	23038	18742	10810	54615	60045	308678	63484	4610	44890	71561	22920
113241	71011	15610	27922	42409	19861	24809	14068	47312	51554	316434	61436	4167	42037	58772	28836
102364	60465	17673	36442	40525	19625	17546	13800	61219	47443	290453	68177	5429	47195	69021	27187
95954	44242	11756	26568	32528	15183	19420	8236	39605	28594	221359	40621	3951	27470	47824	19315
90201	57428	12488	30790	42595	15990	14416	7964	37767	35672	187244	33433	3956	34611	42294	22339
65127	42970	13033	29348	34665	15864	16678	8400	37866	32040	192118	46883	3560	36879	49765	17244
73594	56156	12038	21282	42548	18916	18849	6735	44376	30177	203917	41928	3179	26126	37765	21494
78804	55219	13446	21900	31056	19344	17387	6550	39208	33297	185192	34631	4438	35283	42235	23674
97474	54148	14592	29726	30059	20328	14325	9412	36574	37768	187501	33923	3776	35703	37471	20214
73702	40159	15775	25710	35140	19647	19283	6681	34835	28873	174933	47482	3139	35535	38471	18307
72617	56424	16620	27769	36755	16192	19945	8073	34139	37815	162108	34468	4478	26756	48647	22965
92047	41498	15381	21316	30676	21992	14851	7921	30412	34834	189296	44541	3695	32889	50000	18715
82060	43506	13690	27495	37467	19193	15719	9009	44624	38606	223924	32780	3856	26210	37000	21739
72183	49262	15643	29520	39746	18689	15467	9074	40450	29851	174420	46175	3550	29234	37824	16509
70989	57762	13409	27323	40886	18865	16450	8421	39953	28221	217768	47373	4132	34989	48176	21821
76308	40828	15493	25023	29584	17150	20242	8944	43332	39631	160312	43616	3991	33057	43471	23074
95412	43640	15362	28524	38701	20076	15833	8367	31207	39584	173394	34304	3731	27092	43176	19233
84231	44108	14028	24611	29252	16318	16061	8976	33493	32552	181088	36374	3690	30579	49941	16890
68709	60038	11380	26980	41836	16999	17638	7442	41394	39258	174676	48026	4137	27638	44941	17599
95086	56557	11700	29142	38986	15612	13754	8617	42239	40795	210073	44923	3334	32259	51706	20731
72943	54683	16282	30584	28777	17377	14782	8171	36276	33344	188527	32671	3866	30705	46000	16972
92806	54951	11493	20835	42690	16772	18826	8965	42438	28082	158260	42962	4097	27428	49412	17517
91830	51270	13202	22449	29347	17453	20311	6953	41941	41680	186218	38933	4066	27344	46059	17735
84666	55687	16451	29588	35805	18638	16930	6996	34040	34508	199556	43997	4488	29066	49529	18252
81626	45848	12150	25195	37942	16494	20517	6746	33692	34974	191348	42146	3801	33771	40176	18498
80432	50132	11606	22861	34190	22245	13800	8770	36773	30131	224950	38279	4107	34275	52765	23129
90744	43305	15568	24371	34808	18285	18872	9368	38413	31109	182371	43452	4277	32007	49824	22938
84883	53947	13484	24028	37514	20832	13708	7997	41891	37349	171342	37408	3595	30747	51294	24464
92589	51538	13596	28421	39889	18260	13982	8084	33940	33949	171598	46229	3986	35997	35471	18824
86945	52408	11324	23925	36707	16948	19603	7812	37469	29991	186731	42908	3515	35409	50471	17816
89007	57494	14329	23375	38274	19975	18095	9216	41146	36371	215972	32725	3495	28436	50882	18143
83254	41699	15831	27357	28824	22472	17798	8541	32400	34229	160569	42636	3049	26840	37118	21630
81409	45380	12789	25126	38037	21841	17227	8269	42835	34089	161851	34740	3380	33351	35294	24218
75853	63114	16531	23078	28506	18048	17218	8710	32797	40910	173585	38846	3931	30854	34295	19573
85532	58646	13883	25239	31999	18776	14113	8971	42160	37005	183067	41141	4217	28006	47632	17619
95886	55880	13296	27888	35011	17684	14770	8120	40881	33286	223105	37583	3732	29169	50266	19000
92284	46945	12483	27435	28375	12910	16203	7484	42467	31798	164365	50838	3040	25317	49482	21685
97461	43967	13069	25762	28899	13980	17676	8892	36123	41608	209671	40625	3486	32018	47744	19261
72027	42690	16417	20916	27982	18669	13695	7086	33462	40631	189126	35174	3171	25117	38610	20355
97574	49427	14526	23566	34705	15200	12282	7416	34076	39888	191496	47051	4294	30253	37209	22779
98249	47725	14355	22659	26804	14751	12779	9744	36327	35750	182277	35919	3771	28648	38554	20407
69213	47796	12615	29178	28026	14044	14053	7064	43951	33100	199925	43149	3379	24435	48529	21997
77879	61979	12464	23705	32304	17919	13396	7200	38681	31334	173058	40280	2914	26280	48809	17410
86094	52831	15888	27958	26673	19033	15307	9925	41546	32542	163839	43953	4110	24876	34127	17593
75065	45243	13694	28446	30340	16613	14272	9982	39090	38167	196501	40682	4115	31737	49706	22649
82718	44321	12842	29004	28419	18540	16601	8540	44923	30962	209144	36264	3268	26722	34744	17984
100162	44889	15415	29109	36757	13766	12540	10084	31773	31148	205193	37813	3907	28287	45279	16394
87445	43187	15528	26494	33003	14323	16143	10016	31671	39097	174375	47625	3118	33703	44550	21919
78442	42620	16190	21474	36320	14708	17855	8063	44974	36819	168053	45502	3084	25558	46063	22727
68650	52264	15301	30573	28288	15800	16681	9460	39602	41794	175692	38100	3045	31817	42981	18088
98136	55313	15282	31305	29292	19247	15725	7075	40216	32868	231534	38157	3113	32580	42365	19235
88345	48293	15566	29388	33352	14408	12481	8472	44667	38446	168580	49576	4313	32901	39675	19469
93747	55100	15490	21091	34181	14344	15009	9494	35867	31101	201242	42461	4197	24274	45111	19678
81368	44109	14942	29632	31257	18947	12839	9641	42876	39981	197554	47395	3398	30935	44046	16133
76528	57015	11537	30956	38721	16785	13356	9800	45383	32728	177536	45789	3631	32820	47912	19365
67525	51980	12559	28133	32784	16121	15845	8006	41034	40957	228636	38043	4129	30654	38946	21971
83956	43045	12767	27575	31082	15650	12222	9176	39704	29753	210725	38502	3026	34746	35416	23222
97011	58008	12124	22276	36146	18690	14173	8199	43337	39841	201506	36952	3432	32941	35360	21320
74503	46165	16625	26564	26935	14794	16541	7404	44769	38493	218100	41543	3965	27003	42309	15716
75628	52051	14999	24368	31431	16207	14610	7836	45179	28126	220998	50781	3161	27444	46399	20746
74278	47087	12786	22450	37194	15158	17656	7927	41393	37982	220207	48256	3292	33743	37097	21424
93185	55739	16644	29806	32610	16977	15466	6893	39653	40074	232587	49977	4057	27364	33679	23327
72702	63610	15320	21962	28725	14151	14909	9948	43490	29195	215993	44182	4158	31015	37377	16081
88458	49782	15434	30712	34094	18005	16123	7688	34485	34402	161995	35518	3839	29490	45727	15872
66411	48889	14008	28502	29337	18089	16363	7649	41001	30131	170972	44943	3038	28719	46409	21055
88442	45604	12330	23638	35070	16665	12587	8633	37379	32625	151680	37060	2939	33970	37940	20226
77215	40000	13133	27465	25796	15998	17520	9341	34481	26666	160602	38750	3281	31546	43433	18237
83676	41224	14884	25811	32245	19135	15287	6580	31680	35414	157709	41463	3812	30375	34392	23321
83358	52110	13388	26557	35322	14596	15470	8061	42498	26074	184717	43254	3798	24558	47782	24647
67258	40193	14920	26200	34269	17956	15348	9066	36509	34315	180135	34859	3190	30294	50815	24233
70648	54235	13424	28340	34775	19469	16424	8485	39407	35879	197739	34808	3950	26659	39084	20530
94268	47601	13972	23541	29000	16954	14698	9151	29265	28821	209314	44841	3432	32960	50071	16800
69377	51144	13935	25033	36503	15797	16322	8188	35205	37104	199909	41360	3276	32031	36853	21580
73084	50822	13990	27886	26429	14017	13521	8654	42546	37696	204249	46018	3746	27790	43033	18430
94479	39227	11637	28178	30054	17800	12769	6951	33225	26032	183029	31378	3784	26780	46695	20917
86112	54042	16051	21271	30939	15108	13785	7437	38055	36343	182064	39773	4040	27184	37596	24067
64293	41417	11035	22730	37725	18467	16566	6771	42063	31568	190504	43868	2896	35182	50758	24095
79651	43736	14738	25389	30307	16309	12912	8580	34433	35498	148786	45455	3385	25205	49213	22409
65564	48052	16215	23184	31065	13884	16749	6961	31004	37653	168801	33324	4083	35505	42689	17325
77638	55717	14975	19488	34479	17533	14434	8506	41194	30850	152403	33836	3404	31748	47039	24592
76155	51594	14519	24060	29716	14974	16139	8897	37475	36681	216789	37572	2996	29648	51273	21967
92467	45797	11400	28827	33805	18645	13541	9331	41435	35625	155297	37316	3997	28598	37539	24620
94903	41675	13224	25487	34311	18022	15754	7829	37330	37400	208349	37163	4178	29325	36109	18845
74249	55524	14263	23898	25375	14373	17215	8548	31584	28779	172177	44278	3651	35222	39485	17159
68317	53591	13041	23930	34901	19068	15206	6982	32646	37315	200150	36549	3708	26134	35880	17574
70118	50886	13862	21660	36334	13639	17459	6908	38151	33005	147822	32761	3005	25003	48183	18320
67894	57907	15704	28859	32667	17132	17845	7903	33370	28018	183270	32249	3489	30819	39142	21774
84629	46184	11327	21985	31697	17466	17682	9013	40469	27511	201356	38391	4202	27830	50186	22077
95009	46313	12841	26816	31908	14796	14657	8495	34336	31230	215101	41411	4225	33000	35021	22243
81769	39743	15887	21142	37809	19357	14008	6686	37137	33258	172901	39006	4249	24680	35937	21470
67576	43543	11710	19682	34522	15575	13236	7744	42884	36259	150474	38801	4145	32920	44006	18458
76685	57649	12658	27173	37346	16799	16809	7363	40807	30681	163255	43152	3375	31062	49156	22547
84523	42512	15084	20882	36081	19046	16667	6728	29845	32751	195086	38442	3974	31304	37997	19674
82828	42061	14209	23736	36671	17110	13094	7818	40711	35076	145651	35576	3912	28678	40000	23735
81663	43221	11163	26654	25670	16999	18028	7659	29555	35710	164702	35781	3599	32516	38283	17076
81263	47717	14345	21600	31565	15942	15078	9441	35317	30933	236889	50891	4560	37673	41424	22373
78823	46890	11922	21832	23750	14214	15097	8811	40379	34348	228587	47830	5278	34038	48496	22863
67366	42627	13239	28811	27240	11858	12739	8109	34372	45044	168258	45369	3630	41733	52853	24414
91236	54079	14450	21566	30123	16648	11484	9833	46775	30833	169918	40088	3671	37154	38582	18154
88584	40209	11659	20071	24470	17571	13994	10654	34706	38617	176283	50651	3907	28703	48875	22808
65350	44727	12010	26285	25647	17139	17036	10226	41880	40223	191227	36368	5236	29128	55189	19297
76914	53252	11062	22430	26329	17198	11522	10214	47220	44241	193995	42909	4001	31253	38266	23244
80945	40400	11975	26451	24243	12310	13633	9631	46552	44592	200360	39728	5119	35077	50390	22536
79460	55797	10956	27481	26861	13252	15211	7420	39211	44291	234122	36068	4919	29081	50580	21121
94631	49053	14310	26750	27506	12113	16314	8038	36207	32842	197869	51071	4289	32716	39719	17011
93782	41418	14240	29243	22915	13488	11865	8287	34205	32088	218901	36308	5230	37768	51590	20604
86674	38237	15627	23593	33007	12761	16181	8157	44216	33344	192611	51431	4154	31678	47296	21665
64077	44472	12695	28678	26405	14135	16048	9572	37486	43136	199529	38648	3683	36729	49569	16875
81582	56624	11044	28944	24281	12349	14812	7348	44383	36608	216410	41229	4872	41308	38203	24115
75429	46699	11940	20204	29592	15039	16086	9084	48388	33494	182925	38048	3736	41780	39466	18508
94100	52679	12203	27947	26178	16511	11579	8062	39433	36909	210045	47590	4619	29270	55063	23461
86886	51471	15153	23294	27354	17179	13880	7681	38265	34499	207555	42969	3889	29695	50264	21801
81051	50325	13204	21766	33310	16707	14413	9679	41658	31034	184309	39848	4860	32763	51401	17365
86568	50071	13906	25188	30844	15215	14032	9774	45996	37562	215027	53291	4448	40222	55821	21012
88371	47590	14117	21400	31224	16688	12777	9048	40267	33946	172686	40869	3636	32338	46791	18453
90917	42373	15609	26684	27468	14057	13481	8632	48443	33896	219455	49390	4501	30875	46349	19379
66517	51725	14766	20769	30617	12270	15763	8252	43827	40324	227203	44769	5142	37343	38835	23870
82218	46508	15662	26850	28302	11956	14203	8347	47943	41780	248512	51311	4360	34746	41802	20386
70230	56815	14503	21068	27088	16315	14432	10333	33482	41579	231631	39608	4101	32905	46223	20304
67790	39637	11132	26983	25495	14116	14508	8073	44272	35252	178497	38228	4819	39325	52664	20114
71503	54524	11237	24590	32438	15255	16789	10606	42548	36658	234675	48910	3577	34274	50769	17229
75641	53507	15188	23261	24926	12369	15820	7194	34483	34248	166044	37268	4177	35124	53421	23951
68215	51789	15504	28379	23484	14489	13196	8763	49834	42584	212536	41889	3618	40081	52474	19188
76065	41100	13625	27980	28985	14273	12891	9798	37264	36708	198422	47290	3542	34416	46160	16630
80097	48035	15346	29641	33614	13920	11541	8680	49389	39018	201467	50411	3871	35360	45465	19270
121274	86088	18542	42350	33872	20305	18936	11305	67958	67417	328893	68158	4526	41279	46072	24656
143191	73200	17380	44357	33181	23675	19047	10726	56111	53657	372606	63466	5254	37176	55236	24032
144165	72999	16861	40034	42414	23728	19269	12973	64338	47507	373855	71433	5546	38715	44163	26353
112183	89914	16688	35609	34464	19322	20437	13517	57345	64112	276020	76832	5338	45176	49190	27080
107637	69777	21954	42762	44241	19668	21021	12288	63269	54272	346795	67804	3910	40612	47472	25002
135398	74408	19877	39623	34909	19243	18797	11147	68534	55271	277685	64263	4234	45022	55872	24864
110559	83873	19902	39983	30119	19827	22467	13148	67136	48660	288093	71610	5046	36253	48936	27184
140594	61218	19209	36998	43945	17465	20660	12639	61459	55425	276853	69043	4864	37125	55490	30924
114780	62024	20495	34580	37427	21154	17128	14500	64174	65188	291008	72407	5052	37997	53963	29538
120625	80047	15773	36844	40093	16403	17740	11902	50023	47891	275187	65325	4656	42509	48299	23652
113806	67763	19729	33808	37476	19269	20604	15641	64503	66725	313489	73115	4358	32305	56508	27599
108773	61923	16515	45026	33230	17491	19492	12762	58250	66187	279351	67273	5007	36458	44036	27461
129716	72394	18666	35043	36785	16244	17796	11445	73306	57577	258118	59837	5429	45124	49254	26526
121923	83671	17850	32933	38168	16031	24608	12060	55041	64957	366778	56120	4539	36971	45118	24586
119488	64037	15452	32470	38118	22189	19130	14430	53067	67110	347627	63909	4546	45842	53518	23444
99844	61419	18319	37101	36983	19800	19520	11568	57510	60268	264779	60811	5228	31279	45436	26837
137509	64944	19333	45746	34662	18951	16934	12183	63351	58115	281849	54261	3935	39176	46199	30092
103416	75616	16267	40343	39205	17173	22606	12130	49529	60729	330558	66299	4416	32664	53645	22855
113157	87598	19259	46209	41426	22693	20354	14869	70509	59653	272273	74265	4663	34202	42509	27253
133288	86189	15303	35866	32292	22614	17712	10761	50681	52273	312656	55234	5838	43791	46136	22751
112670	86692	18394	31183	40686	21499	17378	10954	59566	51120	371357	68600	5442	43483	44990	22474
115592	77731	18270	32882	33576	17013	20632	14412	59320	51274	343464	69928	4117	35125	48363	24898
101792	61319	14858	38130	32539	18712	18491	10691	73964	52196	299334	75593	3929	36510	44927	25348
143516	61520	17232	38233	29724	19561	24246	14201	68863	56886	338468	72318	4442	41637	43909	23825
130853	84880	18690	42864	34020	21234	19380	11814	64667	47661	367194	61962	4682	33843	44609	22820
131502	70280	20816	32676	37081	16509	18824	15606	62117	46200	348876	71698	4403	36356	53008	25798
111209	72696	17009	34374	42858	22508	20409	15694	71332	49890	300583	63732	5436	40663	53581	29608
144815	73603	17825	36021	43155	23065	18574	13499	70098	51428	257702	58864	4449	34664	47790	25521
133450	74005	17479	42195	42513	16536	24497	13657	71661	50813	321399	63112	4507	37074	39263	23132
126307	71186	20965	34477	36686	18871	17851	10708	51504	50736	330974	58332	4130	35228	49445	29331
134911	67561	19679	36175	40636	22454	19770	13938	67053	52427	310991	60545	5819	33997	42063	25556
159148	85294	18995	43285	55284	23197	27453	18434	91535	95413	561610	93014	7102	65502	98616	36562
156991	97461	21350	50343	49345	22555	25341	21973	87768	88333	609436	115844	7718	61712	105004	41118
134348	93913	19236	43352	52251	31513	24304	19220	98817	70351	552728	114858	6907	53600	100486	33597
182653	81112	22890	44361	43216	29835	31369	16615	91284	87658	543846	101329	6763	63759	134604	36891
183731	86308	23585	50679	39173	21734	23191	17106	99696	82714	559561	120213	8549	64214	137097	37495
142543	104178	19720	49603	55158	26052	28336	21776	111876	89232	539747	115422	8713	49582	134293	45949
154188	77437	22679	48662	40120	31299	25725	21604	96055	84512	419500	99074	9032	60499	94254	45565
171871	82633	18602	42546	52883	27944	27952	18163	92665	96986	489872	115985	6620	48369	114507	46937
183300	103291	26484	57736	38730	23840	27837	17622	100952	94963	431798	101892	7769	58300	103757	34640
174459	105953	25608	49872	53831	22841	27261	20596	105598	97998	552045	104147	6917	53145	95968	38483
183516	104812	23132	51821	55853	31227	30064	15779	108360	99234	569126	107107	9011	58452	134449	34531
144268	105573	26333	52157	46375	25374	30409	16541	110871	97211	555461	125850	8057	65123	116377	44961
173812	107854	25306	58274	46186	24090	29833	14919	96934	90693	515151	114576	6599	66488	139278	38209
184378	90617	22709	46982	43911	22591	23344	19294	98315	92266	534964	118663	7359	64972	103602	40185
163029	81366	18542	46243	54526	21627	29987	20621	101580	88895	450245	94000	8180	49354	116844	37440
184810	111529	26212	51015	48903	24446	32406	17967	95929	87434	454344	92591	6640	52917	94566	37166
134133	102911	25850	55854	43848	23019	34249	21850	110997	74060	439996	113308	6343	62015	128061	39581
129604	107474	19267	50410	56295	24304	33289	21457	106728	84174	517201	91886	9042	56026	120739	42381
155266	79211	24702	59685	54905	26980	28106	20228	94297	76645	485089	89913	7554	50264	123232	36178
153972	79591	20927	40798	54210	30157	25533	16836	93669	94289	502170	87236	6568	65275	127594	34695
147718	101137	22377	43756	52757	25945	32790	20129	98566	77094	567759	85826	7143	49733	100330	34146
188476	96574	26363	50074	43343	30478	29334	21874	96432	100919	593039	101751	8960	63228	96124	41942
175321	100250	18572	56123	43785	28479	34134	21260	92790	97660	476890	90900	6271	64896	135072	42161
144484	78958	19085	51351	45807	30763	31791	19171	101956	84287	560927	117395	8221	62621	124945	44357
176831	107093	24189	46646	46881	22091	28029	16492	91409	67542	515834	84558	6435	49278	95656	35958
142111	108107	21864	52897	44669	28729	34057	18753	90279	82152	554095	108657	6897	46625	101732	39856
144915	100376	19901	43554	45175	29657	29910	19540	98189	98447	530865	108939	7215	58148	111859	48639
192789	101010	18753	42479	39046	22055	23652	21481	86889	93390	418816	101470	8210	52008	108275	47816
134995	90998	22135	47923	42711	25481	26685	17794	112001	80803	428381	113449	8652	51098	134916	38758
150953	112797	26877	54846	50229	25696	26224	16074	103337	90917	456394	101047	6425	67928	122764	39801
314123	136652	43321	73536	54099	32995	41365	33270	175029	132003	979550	148187	14788	93261	213868	60842
290855	155493	30930	78147	48925	35987	32477	29757	156062	118653	744764	187092	17315	115550	168857	43081
267962	161168	40912	93989	52425	25904	39190	34493	173792	157577	684702	155400	14083	96487	180793	60985
249948	186138	33979	71290	50751	34757	35503	24153	132766	122977	885635	191900	11870	101473	164380	55706
257454	191359	42535	83821	54327	35208	42027	24469	128643	122601	907476	140756	15200	131093	223318	54850
270214	160260	38257	81339	50827	27707	37347	31218	174616	127302	896556	149499	12085	121269	193974	46434
304366	143462	37470	92806	55849	34593	33990	29284	166370	136892	694530	135729	13868	126108	194471	43723
310370	141646	41158	81575	45881	27626	30492	25219	181007	131063	791721	192993	12183	112031	155179	46362
291230	137787	29504	82166	59653	27462	41932	26719	144517	148363	678150	152559	12144	125961	221080	52782
250323	193629	36929	80156	62925	26601	28412	33980	169050	133884	845230	180535	16453	124201	174825	43224
301363	188181	29701	99427	51055	25781	38812	24785	177915	141405	675966	188185	13613	124935	168111	59843
262708	176377	33782	82284	61175	34429	41885	26600	135859	134260	757868	139445	14181	90182	158163	56206
326508	173426	32749	102974	55164	32216	42168	26403	146991	156825	827758	142723	12595	92968	161893	56277
240940	199531	42436	77201	60262	32298	37867	29915	175441	146106	774248	180317	13515	92821	156422	51070
326133	172972	41748	88550	49534	25166	40088	32323	171318	114516	770972	142286	14612	124788	185767	61626
274342	198396	41207	73418	67795	26027	34699	28139	174823	158141	976274	149062	16258	91941	193476	47932
241316	165935	38109	90442	56990	26519	41176	29126	155650	151747	674874	186218	15611	92088	209392	60628
306993	150499	31864	100491	58360	33323	37016	24311	126581	121473	858335	138133	14025	104405	222572	44151
267211	200212	39093	80866	65893	26150	30539	30073	124932	156072	920580	179661	14377	118336	177561	61412
316750	139376	35159	81930	67034	35372	36259	32520	147610	115080	930409	159334	17589	122735	199942	54708
284850	181371	31372	72590	60947	35167	35172	30902	182657	154568	980642	178568	13359	117896	187011	55778
239064	149591	44207	97772	67414	34347	39994	28376	144311	154944	966445	169388	16688	124055	177063	53353
243192	151180	33438	105575	57599	34675	31059	32757	155444	142534	975182	189715	17217	89595	179301	57632
307368	165254	43666	105456	54708	29634	32288	31060	125138	161149	819022	164798	13339	119656	169105	54922
323130	184776	38650	74600	56686	34552	32761	31652	131735	116396	691254	140100	17002	89302	185021	56848
332138	148229	35257	97181	53871	27339	31201	29244	148640	140465	769880	175290	14808	109538	170597	43581
309244	194083	35749	86541	51360	35290	40136	27034	161835	149491	734935	186655	14730	104112	211879	47290
276218	182733	35995	101910	55697	34880	40798	30981	154413	166226	888911	183376	15317	90035	210387	57561
302114	197488	39388	79211	66121	31560	37772	28613	154207	129747	726199	173760	15024	102499	200688	61840
335515	162530	32651	80511	47023	33651	31674	24351	172142	131251	756776	156930	12830	91648	208149	51427
245069	171156	41895	96235	48088	33610	29641	31336	157505	126738	809193	134855	17119	103232	188751	51926
