0.0
0.0
0.0
0.0
0.0
0.0
0.0
0.0
0.0
0.0
0.0
0.0
0.0
0.57
0.97
1.22
1.26
0.83
0.57
0.49
0.21
0.01
0.01
0.0
0.0
0.0
0.0
0.0
0.0
0.0
0.0
0.0
0.0
0.0
0.0
0.0
0.0
1.23
2.13
2.66
2.77
2.58
2.46
2.1
1.24
0.01
0.01
0.0
0.0
0.0
0.0
0.0
0.0
0.0
0.0
0.0
0.0
0.0
0.0
0.0
0.0
1.18
1.97
2.39
2.51
2.53
2.55
2.08
1.26
0.01
0.01
0.0
0.0
0.0
0.0
0.0
0.0
0.0
0.0
0.0
0.0
0.0
0.0
0.0
0.0
0.8
1.28
1.78
1.99
1.76
1.64
1.43
0.94
0.02
0.01
0.0
0.0
0.0
0.0
0.0
0.0
0.0
0.0
0.0
0.0
0.0
0.0
0.0
0.0
1.39
2.32
2.88
3.26
3.35
3.13
2.57
1.66
0.01
0.01
0.0
0.0
0.0
0.0
0.0
0.0
0.0
0.0
0.0
0.0
0.0
0.0
0.0
0.0
1.48
2.5
3.13
3.45
3.48
3.22
2.66
1.71
0.01
0.0
0.0
0.0
0.0
0.0
0.0
0.0
0.0
0.0
0.0
0.0
0.0
0.0
0.0
0.0
1.35
2.15
2.58
2.89
3.01
2.81
2.4
1.57
0.0
0.0
0.0
0.0
0.0
0.0
0.0
0.0
0.0
0.0
0.0
0.0
0.0
0.0
0.0
0.0
1.2
1.11
0.98
1.06
0.96
0.88
0.65
0.32
0.0
0.0
0.0
0.0
0.0
0.0
0.0
0.0
0.0
0.0
0.0
0.0
0.0
0.0
0.0
0.0
0.67
0.51
0.68
0.85
1.13
0.88
0.74
0.39
0.02
0.01
0.0
0.0
0.0
0.0
0.0
0.0
0.0
0.0
0.0
0.0
0.0
0.0
0.0
0.0
0.07
0.15
0.22
0.34
0.32
0.45
0.59
0.73
0.02
0.01
0.0
0.0
0.0
0.0
0.0
0.0
0.0
0.0
0.0
0.0
0.0
0.0
0.0
0.0
1.31
2.18
2.65
3.08
3.0
2.69
2.45
1.65
0.01
0.0
0.0
0.0
0.0
0.0
0.0
0.0
0.0
0.0
0.0
0.0
0.0
0.0
0.0
0.0
1.22
1.97
2.17
2.3
1.77
1.31
0.94
0.44
0.0
0.0
0.0
0.0
0.0
0.0
0.0
0.0
0.0
0.0
0.0
0.0
0.0
0.0
0.0
0.0
1.19
2.04
2.6
2.97
3.22
3.3
2.83
1.86
0.03
0.01
0.0
0.0
0.0
0.0
0.0
0.0
0.0
0.0
0.0
0.0
0.0
0.0
0.0
0.0
1.02
1.83
2.74
3.23
3.28
2.81
2.39
1.5
0.03
0.01
0.0
0.0
0.0
0.0
0.0
0.0
0.0
0.0
0.0
0.0
0.0
0.0
0.0
0.0
0.57
1.02
1.85
1.78
2.21
2.1
1.52
0.83
0.02
0.01
0.0
0.0
0.0
0.0
0.0
0.0
0.0
0.0
0.0
0.0
0.0
0.0
0.0
0.0
0.15
0.28
0.51
0.92
0.81
0.87
1.62
1.4
0.03
0.0
0.0
0.0
0.0
0.0
0.0
0.0
0.0
0.0
0.0
0.0
0.0
0.0
0.0
0.0
1.2
1.64
1.64
1.38
1.09
0.79
0.55
0.26
0.02
0.01
0.0
0.0
0.0
0.0
0.0
0.0
0.0
0.0
0.0
0.0
0.0
0.0
0.0
0.0
1.06
1.93
2.73
3.17
3.15
2.9
2.47
1.63
0.14
0.01
0.0
0.0
0.0
0.0
0.0
0.0
0.0
0.0
0.0
0.0
0.0
0.0
0.0
0.0
1.39
2.29
2.48
2.8
2.61
2.14
1.76
1.92
0.36
0.01
0.0
0.0
0.0
0.0
0.0
0.0
0.0
0.0
0.0
0.0
0.0
0.0
0.0
0.0
1.49
2.44
3.11
3.54
3.6
3.22
2.81
1.9
0.15
0.0
0.0
0.0
0.0
0.0
0.0
0.0
0.0
0.0
0.0
0.0
0.0
0.0
0.0
0.0
1.5
2.53
3.25
3.68
3.76
3.54
2.98
2.06
0.51
0.0
0.0
0.0
0.0
0.0
0.0
0.0
0.0
0.0
0.0
0.0
0.0
0.0
0.0
0.0
1.56
2.61
3.19
3.43
3.27
2.93
2.38
1.6
0.1
0.01
0.0
0.0
0.0
0.0
0.0
0.0
0.0
0.0
0.0
0.0
0.0
0.0
0.0
0.0
0.16
0.29
0.61
0.91
0.74
0.74
0.8
0.52
0.13
0.01
0.0
0.0
0.0
0.0
0.0
0.0
0.0
0.0
0.0
0.0
0.0
0.0
0.0
0.0
1.37
2.21
2.9
3.46
3.57
3.44
2.87
1.99
0.23
0.01
0.0
0.0
0.0
0.0
0.0
0.0
0.0
0.0
0.0
0.0
0.0
0.0
0.0
0.0
1.49
2.46
3.14
3.49
3.52
3.16
2.58
1.75
0.15
0.0
0.0
0.0
0.0
0.0
0.0
0.0
0.0
0.0
0.0
0.0
0.0
0.0
0.0
0.0
0.93
1.59
1.85
1.91
2.3
2.28
1.67
1.0
0.07
0.01
0.0
0.0
0.0
0.0
0.0
0.0
0.0
0.0
0.0
0.0
0.0
0.0
0.0
0.0
0.73
1.29
1.81
2.35
2.75
2.33
1.82
1.91
0.55
0.01
0.0
0.0
0.0
0.0
0.0
0.0
0.0
0.0
0.0
0.0
0.0
0.0
0.0
0.0
1.53
2.49
3.17
3.57
3.57
3.1
2.54
1.86
0.54
0.01
0.0
0.0
0.0
0.0
0.0
0.0
0.0
0.0
0.0
0.0
0.0
0.0
0.0
0.0
0.69
1.19
1.75
1.63
1.19
0.94
0.81
0.47
0.08
0.01
0.0
0.0
0.0
0.0
0.0
0.0
0.0
0.0
0.0
0.0
0.0
0.0
0.0
0.01
1.32
1.91
2.19
2.37
2.34
2.44
2.24
1.63
0.53
0.0
0.0
0.0
0.0
0.0
0.0
0.0
0.0
0.0
0.0
0.0
0.0
0.0
0.0
0.01
0.86
1.47
2.4
2.5
2.71
2.09
1.82
1.55
0.46
0.01
0.0
0.0
0.0
0.0
0.0
0.0
0.0
0.0
0.0
0.0
0.0
0.0
0.0
0.02
1.08
1.86
2.44
2.34
2.27
1.79
1.46
1.04
0.34
0.01
0.0
0.0
0.0
0.0
0.0
0.0
0.0
0.0
0.0
0.0
0.0
0.0
0.0
0.06
1.48
2.39
3.03
3.4
3.51
3.33
2.88
2.11
0.86
0.0
0.0
0.0
0.0
0.0
0.0
0.0
0.0
0.0
0.0
0.0
0.0
0.0
0.0
0.01
0.11
0.2
0.32
0.45
0.45
0.32
0.19
0.1
0.02
0.01
0.0
0.0
0.0
0.0
0.0
0.0
0.0
0.0
0.0
0.0
0.0
0.0
0.0
0.02
0.54
0.79
1.14
1.56
1.84
1.42
0.88
0.54
0.14
0.01
0.0
0.0
0.0
0.0
0.0
0.0
0.0
0.0
0.0
0.0
0.0
0.0
0.0
0.0
0.16
0.28
0.4
0.56
0.66
0.56
0.68
0.87
0.45
0.0
0.0
0.0
0.0
0.0
0.0
0.0
0.0
0.0
0.0
0.0
0.0
0.0
0.0
0.19
1.38
2.1
2.84
3.24
3.3
3.1
2.56
1.79
0.67
0.01
0.0
0.0
0.0
0.0
0.0
0.0
0.0
0.0
0.0
0.0
0.0
0.0
0.0
0.26
1.51
2.44
2.96
3.2
3.2
3.15
2.73
2.0
0.85
0.0
0.0
0.0
0.0
0.0
0.0
0.0
0.0
0.0
0.0
0.0
0.0
0.0
0.0
0.03
0.33
0.53
0.69
0.89
1.15
1.4
1.13
0.69
0.22
0.02
0.0
0.0
0.0
0.0
0.0
0.0
0.0
0.0
0.0
0.0
0.0
0.0
0.0
0.21
0.89
1.58
2.08
2.23
2.11
1.87
1.41
1.56
0.59
0.02
0.0
0.0
0.0
0.0
0.0
0.0
0.0
0.0
0.0
0.0
0.0
0.0
0.0
0.14
0.83
1.49
1.91
2.16
1.35
1.44
1.22
0.71
0.25
0.01
0.0
0.0
0.0
0.0
0.0
0.0
0.0
0.0
0.0
0.0
0.0
0.0
0.0
0.21
1.06
1.91
2.58
1.98
2.04
2.57
2.2
1.61
0.92
0.0
0.0
0.0
0.0
0.0
0.0
0.0
0.0
0.0
0.0
0.0
0.0
0.0
0.0
0.51
1.9
2.76
3.21
3.62
3.68
3.24
2.52
1.77
0.76
0.02
0.01
0.0
0.0
0.0
0.0
0.0
0.0
0.0
0.0
0.0
0.0
0.0
0.0
0.33
1.36
2.41
2.96
3.37
3.51
3.77
3.24
2.46
1.26
0.01
0.0
0.0
0.0
0.0
0.0
0.0
0.0
0.0
0.0
0.0
0.0
0.0
0.0
0.59
1.97
3.11
3.75
4.01
4.06
4.06
3.6
2.74
1.45
0.01
0.0
0.0
0.0
0.0
0.0
0.0
0.0
0.0
0.0
0.0
0.0
0.0
0.0
0.57
1.78
2.38
2.63
2.58
2.34
1.39
0.64
0.4
0.13
0.01
0.0
0.0
0.0
0.0
0.0
0.0
0.0
0.0
0.0
0.0
0.0
0.0
0.0
0.21
0.58
1.02
1.2
1.1
0.96
0.93
0.5
0.29
0.08
0.0
0.0
0.0
0.0
0.0
0.0
0.0
0.0
0.0
0.0
0.0
0.0
0.0
0.0
0.4
1.37
2.33
2.97
3.13
3.12
2.99
2.42
1.78
0.82
0.01
0.0
0.0
0.0
0.0
0.0
0.0
0.0
0.0
0.0
0.0
0.0
0.0
0.0
0.58
1.85
2.86
3.58
4.0
4.1
3.95
3.47
2.66
1.46
0.01
0.0
0.0
0.0
0.0
0.0
0.0
0.0
0.0
0.0
0.0
0.0
0.0
0.0
0.62
1.89
2.8
3.35
3.62
3.42
2.64
1.61
1.11
0.48
0.02
0.01
0.0
0.0
0.0
0.0
0.0
0.0
0.0
0.0
0.0
0.0
0.0
0.0
0.13
0.39
1.43
2.98
3.24
2.99
2.73
2.41
2.09
1.07
0.01
0.0
0.0
0.0
0.0
0.0
0.0
0.0
0.0
0.0
0.0
0.0
0.0
0.0
0.51
1.41
1.98
2.37
2.3
2.26
1.89
1.55
1.65
0.85
0.0
0.0
0.0
0.0
0.0
0.0
0.0
0.0
0.0
0.0
0.0
0.0
0.0
0.0
0.65
1.86
2.8
3.44
3.72
3.86
3.72
3.27
2.54
1.42
0.0
0.0
0.0
0.0
0.0
0.0
0.0
0.0
0.0
0.0
0.0
0.0
0.0
0.0
0.49
1.17
1.72
1.86
2.04
2.16
1.65
0.88
0.63
0.29
0.01
0.01
0.0
0.0
0.0
0.0
0.0
0.0
0.0
0.0
0.0
0.0
0.0
0.0
0.21
0.12
0.33
0.44
0.57
0.53
0.4
0.25
0.13
0.05
0.01
0.01
0.0
0.0
0.0
0.0
0.0
0.0
0.0
0.0
0.0
0.0
0.0
0.0
0.38
0.97
1.32
1.59
1.97
1.76
1.63
1.17
0.74
0.33
0.0
0.01
0.0
0.0
0.0
0.0
0.0
0.0
0.0
0.0
0.0
0.0
0.0
0.0
0.76
1.97
3.01
3.65
4.07
4.13
4.03
3.57
2.78
1.62
0.02
0.01
0.0
0.0
0.0
0.0
0.0
0.0
0.0
0.0
0.0
0.0
0.0
0.0
0.78
1.92
2.89
3.45
3.89
4.01
3.85
3.35
2.57
1.39
0.02
0.01
0.0
0.0
0.0
0.0
0.0
0.0
0.0
0.0
0.0
0.0
0.0
0.0
0.53
1.21
2.2
2.83
3.08
3.38
3.29
2.9
2.1
1.14
0.02
0.01
0.0
0.0
0.0
0.0
0.0
0.0
0.0
0.0
0.0
0.0
0.0
0.0
0.53
1.21
2.2
2.83
3.08
3.38
3.29
2.9
2.1
1.14
0.02
0.01
0.0
0.0
0.0
0.0
0.0
0.0
0.0
0.0
0.0
0.0
0.0
0.0
0.83
2.01
2.7
2.87
3.45
3.44
3.3
3.01
2.26
1.26
0.03
0.01
0.0
0.0
0.0
0.0
0.0
0.0
0.0
0.0
0.0
0.0
0.0
0.0
0.15
0.3
0.92
1.6
2.47
2.61
2.91
3.02
2.49
1.48
0.05
0.0
0.0
0.0
0.0
0.0
0.0
0.0
0.0
0.0
0.0
0.0
0.0
0.0
0.91
2.14
3.13
3.79
4.09
4.11
3.97
3.4
2.7
1.57
0.08
0.01
0.0
0.0
0.0
0.0
0.0
0.0
0.0
0.0
0.0
0.0
0.0
0.0
0.41
0.83
1.35
1.86
2.18
2.11
1.82
1.36
0.93
0.51
0.05
0.01
0.0
0.0
0.0
0.0
0.0
0.0
0.0
0.0
0.0
0.0
0.0
0.0
0.92
2.09
3.03
3.61
3.75
3.77
3.38
2.66
1.85
1.13
0.05
0.01
0.0
0.0
0.0
0.0
0.0
0.0
0.0
0.0
0.0
0.0
0.0
0.0
0.81
1.89
2.82
3.47
3.69
3.85
3.66
3.38
2.65
1.6
0.23
0.01
0.0
0.0
0.0
0.0
0.0
0.0
0.0
0.0
0.0
0.0
0.0
0.0
0.53
0.96
1.34
2.08
2.39
2.64
2.04
0.93
0.41
0.76
0.03
0.01
0.0
0.0
0.0
0.0
0.0
0.0
0.0
0.0
0.0
0.0
0.0
0.0
0.83
1.73
2.48
2.92
2.98
2.96
3.02
2.79
2.15
1.19
0.08
0.0
0.0
0.0
0.0
0.0
0.0
0.0
0.0
0.0
0.0
0.0
0.0
0.0
0.78
1.75
2.6
3.18
3.53
3.49
3.3
2.87
2.26
1.31
0.14
0.01
0.0
0.0
0.0
0.0
0.0
0.0
0.0
0.0
0.0
0.0
0.0
0.0
0.23
0.39
0.5
0.74
0.63
0.57
0.69
0.5
0.33
0.15
0.01
0.01
0.0
0.0
0.0
0.0
0.0
0.0
0.0
0.0
0.0
0.0
0.0
0.0
0.55
1.06
1.53
1.95
2.83
3.25
3.24
3.09
2.56
1.59
0.33
0.01
0.0
0.0
0.0
0.0
0.0
0.0
0.0
0.0
0.0
0.0
0.0
0.0
1.01
2.15
3.01
3.6
3.93
3.99
3.73
3.13
2.33
1.39
0.19
0.0
0.0
0.0
0.0
0.0
0.0
0.0
0.0
0.0
0.0
0.0
0.0
0.0
0.92
1.95
2.88
3.51
3.69
3.71
3.47
2.89
1.97
1.18
0.19
0.01
0.0
0.0
0.0
0.0
0.0
0.0
0.0
0.0
0.0
0.0
0.0
0.02
0.3
0.55
0.55
0.75
0.72
0.84
0.57
0.34
0.28
0.37
0.07
0.0
0.0
0.0
0.0
0.0
0.0
0.0
0.0
0.0
0.0
0.0
0.0
0.01
0.46
0.74
0.83
1.01
1.07
1.03
0.97
0.73
0.74
0.44
0.08
0.0
0.0
0.0
0.0
0.0
0.0
0.0
0.0
0.0
0.0
0.0
0.0
0.07
0.87
1.09
1.6
2.14
2.58
2.69
2.65
2.27
1.92
1.05
0.15
0.01
0.0
0.0
0.0
0.0
0.0
0.0
0.0
0.0
0.0
0.0
0.0
0.1
0.77
1.65
2.72
3.25
3.14
2.7
2.03
1.89
1.21
0.69
0.13
0.01
0.0
0.0
0.0
0.0
0.0
0.0
0.0
0.0
0.0
0.0
0.0
0.11
0.94
1.64
2.1
2.07
2.25
1.99
1.45
1.82
1.7
1.35
0.37
0.01
0.0
0.0
0.0
0.0
0.0
0.0
0.0
0.0
0.0
0.0
0.0
0.12
1.2
2.39
3.28
3.84
4.1
4.12
4.0
3.52
2.79
1.77
0.49
0.0
0.0
0.0
0.0
0.0
0.0
0.0
0.0
0.0
0.0
0.0
0.0
0.16
1.21
2.34
3.1
3.37
3.25
2.71
2.28
1.79
1.57
1.24
0.31
0.01
0.0
0.0
0.0
0.0
0.0
0.0
0.0
0.0
0.0
0.0
0.0
0.13
0.58
1.28
2.19
3.04
3.2
3.31
3.25
3.16
2.36
1.71
0.45
0.01
0.0
0.0
0.0
0.0
0.0
0.0
0.0
0.0
0.0
0.0
0.0
0.19
1.2
2.25
3.16
3.69
4.02
4.04
3.89
3.37
2.53
1.52
0.34
0.0
0.0
0.0
0.0
0.0
0.0
0.0
0.0
0.0
0.0
0.0
0.0
0.06
0.3
0.74
1.48
2.09
2.62
2.66
2.37
2.03
0.91
0.46
0.07
0.0
0.0
0.0
0.0
0.0
0.0
0.0
0.0
0.0
0.0
0.0
0.0
0.18
0.76
1.57
2.25
2.28
1.97
1.82
1.56
1.25
0.95
0.61
0.13
0.01
0.0
0.0
0.0
0.0
0.0
0.0
0.0
0.0
0.0
0.0
0.0
0.09
0.21
0.38
0.55
0.56
0.57
0.85
0.89
0.97
0.55
0.7
0.21
0.0
0.0
0.0
0.0
0.0
0.0
0.0
0.0
0.0
0.0
0.0
0.0
0.2
0.51
1.03
1.66
1.94
2.16
2.68
3.12
3.1
2.64
1.67
0.48
0.0
0.0
0.0
0.0
0.0
0.0
0.0
0.0
0.0
0.0
0.0
0.0
0.26
0.43
0.85
1.53
2.28
3.24
3.86
3.71
3.26
2.46
1.54
0.43
0.01
0.0
0.0
0.0
0.0
0.0
0.0
0.0
0.0
0.0
0.0
0.0
0.07
0.25
0.37
0.53
0.56
0.71
0.8
0.6
0.49
0.45
1.19
0.31
0.01
0.0
0.0
0.0
0.0
0.0
0.0
0.0
0.0
0.0
0.0
0.0
0.22
0.83
1.73
2.53
2.99
3.07
3.62
3.72
3.51
2.76
1.81
0.58
0.0
0.0
0.0
0.0
0.0
0.0
0.0
0.0
0.0
0.0
0.0
0.0
0.27
1.28
2.37
3.19
3.7
3.91
3.9
3.7
3.32
2.56
1.57
0.45
0.0
0.0
0.0
0.0
0.0
0.0
0.0
0.0
0.0
0.0
0.0
0.0
0.27
1.09
1.94
2.54
2.82
3.12
3.22
2.96
2.66
1.74
0.99
0.25
0.0
0.0
0.0
0.0
0.0
0.0
0.0
0.0
0.0
0.0
0.0
0.0
0.17
0.46
0.5
0.73
0.94
0.76
1.27
1.64
1.89
1.43
1.12
0.32
0.01
0.0
0.0
0.0
0.0
0.0
0.0
0.0
0.0
0.0
0.0
0.0
0.1
0.31
0.33
0.47
0.54
0.79
1.04
1.03
1.03
0.85
0.71
0.24
0.01
0.0
0.0
0.0
0.0
0.0
0.0
0.0
0.0
0.0
0.0
0.0
0.23
0.74
1.84
2.85
3.44
3.3
3.46
3.46
3.12
2.27
1.61
0.64
0.01
0.0
0.0
0.0
0.0
0.0
0.0
0.0
0.0
0.0
0.0
0.0
0.2
0.54
0.67
0.72
1.01
1.31
1.55
1.35
1.04
0.8
0.41
0.17
0.01
0.0
0.0
0.0
0.0
0.0
0.0
0.0
0.0
0.0
0.0
0.0
0.38
1.43
2.62
3.47
4.05
4.11
4.13
4.12
3.79
3.03
1.96
0.69
0.0
0.0
0.0
0.0
0.0
0.0
0.0
0.0
0.0
0.0
0.0
0.0
0.38
1.42
2.38
3.01
3.48
3.85
3.8
3.29
2.45
1.53
0.73
0.22
0.01
0.0
0.0
0.0
0.0
0.0
0.0
0.0
0.0
0.0
0.0
0.0
0.31
0.61
0.84
1.03
1.2
1.16
0.97
0.73
0.33
0.23
0.14
0.07
0.0
0.0
0.0
0.0
0.0
0.0
0.0
0.0
0.0
0.0
0.0
0.0
0.3
0.91
1.49
1.74
2.08
2.41
2.07
2.02
1.63
0.96
0.44
0.19
0.01
0.0
0.0
0.0
0.0
0.0
0.0
0.0
0.0
0.0
0.0
0.0
0.39
1.39
2.44
3.2
3.57
3.46
3.06
2.26
1.71
1.07
0.58
0.22
0.01
0.0
0.0
0.0
0.0
0.0
0.0
0.0
0.0
0.0
0.0
0.0
0.38
1.5
2.58
3.41
3.92
4.11
4.1
3.87
3.38
2.69
1.72
0.59
0.01
0.0
0.0
0.0
0.0
0.0
0.0
0.0
0.0
0.0
0.0
0.0
0.16
0.43
0.76
1.2
1.42
1.8
1.83
1.74
1.83
1.3
0.62
0.25
0.01
0.0
0.0
0.0
0.0
0.0
0.0
0.0
0.0
0.0
0.0
0.0
0.15
0.28
0.49
0.72
1.02
1.1
1.26
1.41
1.41
1.47
1.09
0.48
0.01
0.0
0.0
0.0
0.0
0.0
0.0
0.0
0.0
0.0
0.0
0.0
0.42
1.5
2.52
3.3
3.8
4.01
4.01
3.84
3.41
2.73
1.77
0.64
0.01
0.0
0.0
0.0
0.0
0.0
0.0
0.0
0.0
0.0
0.0
0.0
0.43
1.49
2.51
3.27
3.78
3.98
4.01
3.83
3.42
2.74
1.79
0.67
0.01
0.0
0.0
0.0
0.0
0.0
0.0
0.0
0.0
0.0
0.0
0.0
0.44
1.52
2.54
3.32
3.79
3.99
3.99
3.83
3.4
2.71
1.77
0.66
0.0
0.0
0.0
0.0
0.0
0.0
0.0
0.0
0.0
0.0
0.0
0.0
0.45
1.52
2.41
3.11
3.54
3.79
3.79
3.68
3.38
2.7
1.76
0.65
0.0
0.0
0.0
0.0
0.0
0.0
0.0
0.0
0.0
0.0
0.0
0.0
0.44
1.48
2.45
3.16
3.62
3.82
3.83
3.64
3.22
2.57
1.68
0.63
0.01
0.0
0.0
0.0
0.0
0.0
0.0
0.0
0.0
0.0
0.0
0.0
0.48
1.4
2.25
2.93
3.4
3.55
3.45
3.19
2.71
2.05
1.22
0.44
0.01
0.0
0.0
0.0
0.0
0.0
0.0
0.0
0.0
0.0
0.0
0.0
0.42
0.96
1.54
2.01
2.25
2.66
3.21
3.31
2.82
2.46
1.76
0.67
0.01
0.0
0.0
0.0
0.0
0.0
0.0
0.0
0.0
0.0
0.0
0.05
0.47
1.58
2.58
3.31
3.79
3.98
3.98
3.78
3.34
2.67
1.76
0.7
0.01
0.0
0.0
0.0
0.0
0.0
0.0
0.0
0.0
0.0
0.0
0.07
0.48
1.5
2.43
3.13
3.57
3.79
3.81
3.6
3.18
2.47
1.62
0.62
0.01
0.0
0.0
0.0
0.0
0.0
0.0
0.0
0.0
0.0
0.0
0.06
0.35
0.87
1.58
2.19
2.65
2.68
2.56
1.99
1.56
1.13
0.66
0.24
0.01
0.0
0.0
0.0
0.0
0.0
0.0
0.0
0.0
0.0
0.0
0.06
0.31
0.61
1.01
1.47
2.01
2.51
2.98
2.99
2.54
2.22
1.61
0.7
0.03
0.0
0.0
0.0
0.0
0.0
0.0
0.0
0.0
0.0
0.0
0.18
0.51
1.59
2.56
3.27
3.74
3.94
3.93
3.72
3.29
2.6
1.67
0.67
0.01
0.0
0.0
0.0
0.0
0.0
0.0
0.0
0.0
0.0
0.0
0.06
0.22
0.65
1.16
1.96
2.47
2.76
2.43
2.25
1.86
1.44
0.85
0.35
0.01
0.0
0.0
0.0
0.0
0.0
0.0
0.0
0.0
0.0
0.0
0.04
0.19
0.33
0.36
0.54
0.66
0.7
0.69
0.77
1.05
0.91
0.7
0.61
0.02
0.0
0.0
0.0
0.0
0.0
0.0
0.0
0.0
0.0
0.0
0.21
0.53
1.61
2.56
3.26
3.72
3.95
3.94
3.77
3.35
2.7
1.77
0.72
0.03
0.0
0.0
0.0
0.0
0.0
0.0
0.0
0.0
0.0
0.0
0.22
0.54
1.64
2.58
3.23
3.75
3.92
3.74
3.09
2.63
1.83
1.09
0.46
0.02
0.0
0.0
0.0
0.0
0.0
0.0
0.0
0.0
0.0
0.0
0.18
0.49
1.37
2.14
2.76
3.34
3.62
3.59
3.42
2.86
2.0
1.31
0.57
0.03
0.0
0.0
0.0
0.0
0.0
0.0
0.0
0.0
0.0
0.0
0.19
0.48
1.35
2.37
3.1
3.58
3.7
3.37
2.68
2.38
1.88
1.44
0.62
0.04
0.0
0.0
0.0
0.0
0.0
0.0
0.0
0.0
0.0
0.0
0.11
0.41
0.77
1.19
1.16
1.36
1.25
1.35
1.14
0.79
0.44
0.25
0.1
0.0
0.0
0.0
0.0
0.0
0.0
0.0
0.0
0.0
0.0
0.0
0.12
0.36
0.57
0.68
0.84
0.77
0.73
0.72
0.86
0.69
0.67
0.6
0.33
0.02
0.0
0.0
0.0
0.0
0.0
0.0
0.0
0.0
0.0
0.0
0.07
0.25
0.51
0.86
1.17
1.28
1.37
1.3
1.16
0.99
0.73
0.44
0.33
0.04
0.0
0.0
0.0
0.0
0.0
0.0
0.0
0.0
0.0
0.0
0.07
0.26
0.51
0.67
0.77
0.96
1.0
0.9
0.7
0.64
0.53
0.36
0.16
0.02
0.0
0.0
0.0
0.0
0.0
0.0
0.0
0.0
0.0
0.0
0.11
0.31
0.61
0.97
1.15
1.4
1.32
1.3
1.04
0.79
0.49
0.35
0.17
0.02
0.0
0.0
0.0
0.0
0.0
0.0
0.0
0.0
0.0
0.0
0.18
0.42
0.97
1.4
2.21
2.53
2.89
2.53
2.36
1.53
0.96
0.51
0.34
0.04
0.0
0.0
0.0
0.0
0.0
0.0
0.0
0.0
0.0
0.0
0.16
0.42
0.77
1.11
1.44
1.63
1.68
1.64
1.31
0.82
0.73
0.58
0.66
0.07
0.0
0.0
0.0
0.0
0.0
0.0
0.0
0.0
0.0
0.0
0.2
0.33
0.66
1.0
1.03
0.8
1.05
1.65
2.37
2.58
2.31
1.48
0.75
0.09
0.0
0.0
0.0
0.0
0.0
0.0
0.0
0.0
0.0
0.0
0.21
0.46
1.46
2.28
2.9
3.34
3.4
3.48
3.44
3.05
2.47
1.71
0.78
0.09
0.0
0.0
0.0
0.0
0.0
0.0
0.0
0.0
0.0
0.0
0.26
0.59
1.66
2.56
3.21
3.6
3.67
3.59
3.39
3.03
2.38
1.51
0.71
0.09
0.0
0.0
0.0
0.0
0.0
0.0
0.0
0.0
0.0
0.0
0.25
0.58
1.61
2.49
3.13
3.55
3.75
3.76
3.53
3.15
2.55
1.74
0.77
0.1
0.0
0.0
0.0
0.0
0.0
0.0
0.0
0.0
0.0
0.0
0.26
0.61
1.58
2.42
3.06
3.47
3.66
3.65
3.48
3.04
2.45
1.63
0.74
0.1
0.0
0.0
0.0
0.0
0.0
0.0
0.0
0.0
0.0
0.0
0.21
0.55
1.01
1.31
1.73
2.25
2.06
1.95
1.58
1.15
0.81
0.46
0.22
0.02
0.0
0.0
0.0
0.0
0.0
0.0
0.0
0.0
0.0
0.0
0.26
0.58
1.59
2.43
2.99
3.38
3.58
3.45
3.12
2.58
1.7
1.04
0.5
0.08
0.0
0.0
0.0
0.0
0.0
0.0
0.0
0.0
0.0
0.0
0.23
0.56
1.22
1.7
2.53
2.87
3.05
2.58
1.68
1.36
1.07
0.69
0.41
0.06
0.0
0.0
0.0
0.0
0.0
0.0
0.0
0.0
0.0
0.0
0.25
0.58
1.09
1.8
2.5
2.84
3.15
3.2
3.25
2.74
2.35
1.64
0.75
0.1
0.0
0.0
0.0
0.0
0.0
0.0
0.0
0.0
0.0
0.0
0.27
0.62
1.24
1.82
2.53
3.1
3.3
3.05
2.4
2.12
1.76
1.14
0.6
0.11
0.0
0.0
0.0
0.0
0.0
0.0
0.0
0.0
0.0
0.0
0.27
0.6
1.5
2.14
2.83
3.52
3.75
3.74
3.55
3.07
2.53
1.64
0.75
0.11
0.0
0.0
0.0
0.0
0.0
0.0
0.0
0.0
0.0
0.0
0.2
0.49
1.08
1.74
2.39
2.83
3.01
2.73
2.42
1.9
1.49
1.19
0.64
0.11
0.0
0.0
0.0
0.0
0.0
0.0
0.0
0.0
0.0
0.0
0.28
0.63
1.59
2.44
3.09
3.38
3.54
3.52
3.09
2.68
2.19
1.5
0.72
0.11
0.0
0.0
0.0
0.0
0.0
0.0
0.0
0.0
0.0
0.0
0.3
0.66
1.47
2.1
2.29
2.26
2.15
1.93
1.88
1.62
1.14
0.55
0.28
0.05
0.0
0.0
0.0
0.0
0.0
0.0
0.0
0.0
0.0
0.0
0.2
0.48
0.89
1.2
1.64
2.31
2.78
2.75
2.79
2.47
1.92
1.32
0.71
0.11
0.0
0.0
0.0
0.0
0.0
0.0
0.0
0.0
0.0
0.0
0.29
0.64
1.51
2.34
2.95
3.39
3.32
3.25
3.07
2.41
1.59
0.85
0.44
0.09
0.0
0.0
0.0
0.0
0.0
0.0
0.0
0.0
0.0
0.0
0.2
0.35
0.66
0.93
1.16
1.3
1.49
1.44
1.39
1.1
0.94
0.8
0.63
0.12
0.0
0.0
0.0
0.0
0.0
0.0
0.0
0.0
0.0
0.0
0.29
0.6
1.48
2.32
2.94
3.35
3.43
3.39
3.15
2.67
1.96
1.22
0.7
0.15
0.0
0.0
0.0
0.0
0.0
0.0
0.0
0.0
0.0
0.0
0.3
0.65
1.49
2.25
2.83
3.17
3.22
3.1
2.84
2.24
1.76
1.13
0.56
0.11
0.0
0.0
0.0
0.0
0.0
0.0
0.0
0.0
0.0
0.0
0.27
0.62
1.4
2.13
2.72
2.93
2.89
2.95
2.87
2.54
2.01
1.28
0.62
0.13
0.0
0.0
0.0
0.0
0.0
0.0
0.0
0.0
0.0
0.0
0.28
0.57
1.26
1.99
2.72
3.14
3.28
3.18
2.93
2.66
2.01
1.25
0.68
0.14
0.0
0.0
0.0
0.0
0.0
0.0
0.0
0.0
0.0
0.0
0.3
0.46
0.94
1.43
1.91
2.23
2.4
2.57
2.17
1.71
1.35
1.0
0.55
0.12
0.0
0.0
0.0
0.0
0.0
0.0
0.0
0.0
0.0
0.0
0.12
0.29
0.63
0.94
1.44
1.93
2.19
2.37
2.26
2.25
1.5
1.08
0.56
0.14
0.0
0.0
0.0
0.0
0.0
0.0
0.0
0.0
0.0
0.0
0.28
0.6
1.41
2.14
2.75
3.15
3.53
3.53
3.41
3.08
2.49
1.68
0.82
0.15
0.0
0.0
0.0
0.0
0.0
0.0
0.0
0.0
0.0
0.0
0.29
0.61
1.55
2.33
2.94
3.32
3.47
3.32
3.1
2.78
2.27
1.56
0.8
0.17
0.0
0.0
0.0
0.0
0.0
0.0
0.0
0.0
0.0
0.0
0.29
0.53
1.06
1.7
2.29
2.78
3.14
3.3
3.04
2.71
2.06
1.41
0.68
0.14
0.0
0.0
0.0
0.0
0.0
0.0
0.0
0.0
0.0
0.0
0.18
0.38
0.82
1.31
1.68
1.78
2.03
2.04
2.04
1.84
1.73
1.12
0.69
0.17
0.0
0.0
0.0
0.0
0.0
0.0
0.0
0.0
0.0
0.0
0.29
0.59
1.3
2.05
2.73
3.04
2.9
2.89
2.68
2.39
2.02
1.43
0.72
0.18
0.0
0.0
0.0
0.0
0.0
0.0
0.0
0.0
0.0
0.0
0.12
0.3
0.46
0.68
1.01
0.92
1.13
1.29
0.93
0.65
0.46
0.38
0.22
0.06
0.0
0.0
0.0
0.0
0.0
0.0
0.0
0.0
0.0
0.0
0.27
0.57
1.4
2.2
2.81
3.27
3.42
3.28
2.91
2.59
2.3
1.62
0.84
0.16
0.0
0.0
0.0
0.0
0.0
0.0
0.0
0.0
0.0
0.0
0.23
0.54
1.18
1.9
2.31
2.77
2.75
2.83
2.95
2.53
2.12
1.18
0.63
0.14
0.0
0.0
0.0
0.0
0.0
0.0
0.0
0.0
0.0
0.0
0.26
0.56
1.48
2.16
2.71
2.78
2.66
2.71
2.53
2.09
1.51
1.06
0.64
0.15
0.0
0.0
0.0
0.0
0.0
0.0
0.0
0.0
0.0
0.0
0.22
0.57
1.24
1.81
2.39
2.68
3.01
3.09
2.66
2.27
1.69
1.07
0.58
0.14
0.0
0.0
0.0
0.0
0.0
0.0
0.0
0.0
0.0
0.0
0.23
0.58
1.48
2.31
2.9
3.13
3.07
3.1
2.96
2.69
2.18
1.53
0.86
0.17
0.0
0.0
0.0
0.0
0.0
0.0
0.0
0.0
0.0
0.0
0.27
0.59
1.18
1.41
1.83
1.57
1.11
0.75
0.82
0.97
0.56
0.48
0.44
0.21
0.0
0.0
0.0
0.0
0.0
0.0
0.0
0.0
0.0
0.0
0.28
0.61
1.37
1.93
2.43
2.74
2.77
2.32
1.97
1.51
1.27
0.88
0.44
0.13
0.0
0.0
0.0
0.0
0.0
0.0
0.0
0.0
0.0
0.0
0.22
0.51
1.35
2.02
2.34
2.24
2.57
2.88
2.66
2.13
1.51
0.78
0.47
0.16
0.0
0.0
0.0
0.0
0.0
0.0
0.0
0.0
0.0
0.0
0.24
0.55
1.56
2.43
3.07
3.45
3.7
3.69
3.49
3.08
2.52
1.78
0.91
0.17
0.0
0.0
0.0
0.0
0.0
0.0
0.0
0.0
0.0
0.0
0.26
0.55
1.51
2.34
2.97
3.33
3.52
3.4
3.23
2.92
2.44
1.63
0.89
0.18
0.0
0.0
0.0
0.0
0.0
0.0
0.0
0.0
0.0
0.0
0.29
0.61
1.3
1.97
2.55
2.99
3.3
3.25
3.0
2.76
2.37
1.74
0.89
0.19
0.0
0.0
0.0
0.0
0.0
0.0
0.0
0.0
0.0
0.0
0.29
0.59
1.48
2.26
2.97
3.38
3.28
3.04
3.19
2.81
2.42
1.64
0.91
0.19
0.0
0.0
0.0
0.0
0.0
0.0
0.0
0.0
0.0
0.0
0.27
0.55
1.5
2.33
2.95
3.37
3.57
3.6
3.42
3.1
2.57
1.82
0.92
0.18
0.0
0.0
0.0
0.0
0.0
0.0
0.0
0.0
0.0
0.0
0.28
0.57
1.48
2.28
2.88
3.29
3.5
3.52
3.35
2.97
2.41
1.71
0.86
0.19
0.0
0.0
0.0
0.0
0.0
0.0
0.0
0.0
0.0
0.0
0.28
0.58
1.45
2.16
2.86
3.24
3.48
3.45
3.33
2.97
2.4
1.7
0.86
0.2
0.0
0.0
0.0
0.0
0.0
0.0
0.0
0.0
0.0
0.0
0.24
0.49
1.21
2.04
2.66
3.29
3.49
3.56
3.44
3.03
2.41
1.59
0.88
0.18
0.0
0.0
0.0
0.0
0.0
0.0
0.0
0.0
0.0
0.0
0.27
0.53
1.1
1.66
1.81
1.81
2.01
2.8
2.88
2.74
2.5
1.58
0.87
0.19
0.0
0.0
0.0
0.0
0.0
0.0
0.0
0.0
0.0
0.0
0.29
0.6
1.43
2.19
2.8
3.16
3.34
3.18
2.85
2.44
1.64
1.29
0.78
0.21
0.0
0.0
0.0
0.0
0.0
0.0
0.0
0.0
0.0
0.0
0.26
0.53
1.49
2.32
2.95
3.36
3.57
3.57
3.42
3.09
2.55
1.79
0.92
0.19
0.0
0.0
0.0
0.0
0.0
0.0
0.0
0.0
0.0
0.0
0.28
0.54
1.46
2.28
2.9
3.3
3.52
3.47
3.34
3.01
2.48
1.8
0.92
0.18
0.0
0.0
0.0
0.0
0.0
0.0
0.0
0.0
0.0
0.0
0.27
0.55
1.43
2.23
2.83
3.23
3.42
3.43
3.27
2.93
2.38
1.7
0.88
0.21
0.0
0.0
0.0
0.0
0.0
0.0
0.0
0.0
0.0
0.0
0.28
0.58
1.39
2.09
2.68
2.94
2.95
2.91
2.64
2.22
1.94
1.14
0.6
0.18
0.0
0.0
0.0
0.0
0.0
0.0
0.0
0.0
0.0
0.0
0.22
0.42
0.84
1.29
1.52
1.96
2.24
2.28
2.09
1.59
1.19
0.76
0.48
0.13
0.0
0.0
0.0
0.0
0.0
0.0
0.0
0.0
0.0
0.0
0.21
0.46
1.11
1.6
2.05
2.4
2.75
2.69
2.83
2.61
2.22
1.52
0.86
0.2
0.0
0.0
0.0
0.0
0.0
0.0
0.0
0.0
0.0
0.0
0.26
0.51
1.43
2.24
2.85
3.2
3.3
3.19
3.09
2.83
2.29
1.78
0.93
0.19
0.0
0.0
0.0
0.0
0.0
0.0
0.0
0.0
0.0
0.0
0.28
0.55
1.4
2.17
2.6
2.78
2.72
2.6
2.18
1.84
1.19
0.63
0.29
0.09
0.0
0.0
0.0
0.0
0.0
0.0
0.0
0.0
0.0
0.0
0.26
0.51
1.33
2.09
2.68
3.14
3.2
3.09
2.91
2.66
2.14
1.66
0.95
0.18
0.0
0.0
0.0
0.0
0.0
0.0
0.0
0.0
0.0
0.0
0.27
0.5
1.45
2.28
2.91
3.32
3.5
3.46
3.28
2.87
2.17
1.38
0.75
0.2
0.0
0.0
0.0
0.0
0.0
0.0
0.0
0.0
0.0
0.0
0.26
0.5
1.43
2.26
2.88
3.29
3.47
3.53
3.4
3.07
2.54
1.76
0.88
0.2
0.0
0.0
0.0
0.0
0.0
0.0
0.0
0.0
0.0
0.0
0.16
0.36
0.83
1.15
1.54
2.07
2.6
2.67
2.82
2.58
2.32
1.67
0.9
0.19
0.0
0.0
0.0
0.0
0.0
0.0
0.0
0.0
0.0
0.0
0.26
0.5
1.37
2.16
2.76
3.08
3.26
3.3
3.16
2.69
2.29
1.54
0.83
0.2
0.0
0.0
0.0
0.0
0.0
0.0
0.0
0.0
0.0
0.0
0.26
0.54
1.14
1.7
2.17
2.34
2.43
2.63
1.92
1.69
1.19
1.0
0.55
0.18
0.0
0.0
0.0
0.0
0.0
0.0
0.0
0.0
0.0
0.0
0.17
0.29
0.55
0.96
1.32
1.66
1.85
2.24
2.07
1.89
1.57
1.2
0.64
0.17
0.0
0.0
0.0
0.0
0.0
0.0
0.0
0.0
0.0
0.0
0.11
0.23
0.39
0.59
0.74
0.89
0.78
0.8
0.99
0.96
0.82
0.56
0.41
0.16
0.0
0.0
0.0
0.0
0.0
0.0
0.0
0.0
0.0
0.0
0.18
0.37
0.62
0.8
1.04
1.12
1.35
1.32
1.35
1.3
0.81
0.5
0.33
0.11
0.0
0.0
0.0
0.0
0.0
0.0
0.0
0.0
0.0
0.0
0.25
0.5
1.14
1.49
1.84
2.29
2.89
3.04
3.02
2.54
1.97
1.53
0.83
0.18
0.0
0.0
0.0
0.0
0.0
0.0
0.0
0.0
0.0
0.0
0.25
0.47
1.36
2.18
2.79
3.19
3.38
3.37
3.14
2.84
2.35
1.66
0.85
0.19
0.0
0.0
0.0
0.0
0.0
0.0
0.0
0.0
0.0
0.0
0.25
0.52
1.31
2.09
2.64
3.1
3.24
3.2
3.03
2.77
2.34
1.62
0.8
0.19
0.0
0.0
0.0
0.0
0.0
0.0
0.0
0.0
0.0
0.0
0.21
0.4
0.82
1.07
1.32
1.67
1.87
1.92
1.49
1.35
1.22
0.95
0.62
0.17
0.0
0.0
0.0
0.0
0.0
0.0
0.0
0.0
0.0
0.0
0.23
0.49
1.19
1.89
2.53
2.82
2.74
2.92
2.51
2.32
1.89
1.36
0.76
0.17
0.0
0.0
0.0
0.0
0.0
0.0
0.0
0.0
0.0
0.0
0.23
0.47
1.25
2.01
2.58
3.0
3.23
3.21
2.98
2.48
2.08
1.32
0.63
0.17
0.0
0.0
0.0
0.0
0.0
0.0
0.0
0.0
0.0
0.0
0.21
0.48
1.14
1.81
2.45
2.75
2.81
2.76
2.69
2.41
1.78
1.42
0.83
0.19
0.0
0.0
0.0
0.0
0.0
0.0
0.0
0.0
0.0
0.0
0.23
0.46
1.3
2.07
2.53
2.88
3.0
2.75
1.93
1.75
1.1
0.7
0.38
0.1
0.0
0.0
0.0
0.0
0.0
0.0
0.0
0.0
0.0
0.0
0.22
0.45
1.31
2.13
2.66
2.78
2.94
2.93
2.7
2.49
1.89
1.28
0.81
0.17
0.0
0.0
0.0
0.0
0.0
0.0
0.0
0.0
0.0
0.0
0.23
0.43
1.34
2.21
2.83
3.25
3.43
3.4
3.28
2.96
2.42
1.69
0.85
0.16
0.0
0.0
0.0
0.0
0.0
0.0
0.0
0.0
0.0
0.0
0.23
0.46
1.33
2.15
2.78
3.22
3.42
3.45
3.3
2.92
2.32
1.62
0.86
0.16
0.0
0.0
0.0
0.0
0.0
0.0
0.0
0.0
0.0
0.0
0.22
0.49
1.24
1.99
2.64
3.11
3.32
3.21
3.06
2.67
2.13
1.45
0.74
0.17
0.0
0.0
0.0
0.0
0.0
0.0
0.0
0.0
0.0
0.0
0.21
0.44
1.29
2.11
2.72
3.07
3.17
2.98
2.86
2.48
2.01
1.42
0.76
0.15
0.0
0.0
0.0
0.0
0.0
0.0
0.0
0.0
0.0
0.0
0.21
0.4
1.33
2.15
2.73
2.97
3.2
3.39
3.26
2.86
2.35
1.62
0.85
0.15
0.0
0.0
0.0
0.0
0.0
0.0
0.0
0.0
0.0
0.0
0.2
0.44
1.24
2.01
2.53
2.91
2.99
2.85
2.32
1.82
1.33
1.08
0.49
0.12
0.0
0.0
0.0
0.0
0.0
0.0
0.0
0.0
0.0
0.0
0.2
0.38
1.27
2.11
2.61
2.99
3.13
3.26
2.99
2.64
2.28
1.54
0.83
0.15
0.0
0.0
0.0
0.0
0.0
0.0
0.0
0.0
0.0
0.0
0.21
0.4
1.3
2.13
2.74
2.95
2.91
2.89
2.91
2.73
2.35
1.69
0.86
0.15
0.0
0.0
0.0
0.0
0.0
0.0
0.0
0.0
0.0
0.0
0.19
0.42
1.25
1.95
2.34
2.62
2.72
2.61
2.49
2.17
1.93
1.26
0.62
0.12
0.0
0.0
0.0
0.0
0.0
0.0
0.0
0.0
0.0
0.0
0.08
0.27
0.6
0.9
1.46
1.79
2.09
2.74
2.65
2.33
1.92
1.41
0.75
0.15
0.0
0.0
0.0
0.0
0.0
0.0
0.0
0.0
0.0
0.0
0.2
0.43
1.29
2.01
2.66
3.01
2.88
2.69
2.66
2.56
1.86
1.11
0.57
0.12
0.0
0.0
0.0
0.0
0.0
0.0
0.0
0.0
0.0
0.0
0.09
0.3
0.48
0.68
0.81
0.82
1.14
1.34
1.4
1.39
1.19
0.85
0.48
0.1
0.0
0.0
0.0
0.0
0.0
0.0
0.0
0.0
0.0
0.0
0.12
0.36
0.81
1.05
1.3
1.48
1.52
1.61
1.32
1.13
0.74
0.43
0.32
0.07
0.0
0.0
0.0
0.0
0.0
0.0
0.0
0.0
0.0
0.0
0.07
0.23
0.6
0.95
1.31
1.74
1.83
2.03
2.15
1.99
1.91
1.39
0.77
0.13
0.0
0.0
0.0
0.0
0.0
0.0
0.0
0.0
0.0
0.0
0.19
0.41
1.32
2.2
2.85
3.27
3.48
3.47
3.17
2.53
2.04
1.51
0.85
0.12
0.0
0.0
0.0
0.0
0.0
0.0
0.0
0.0
0.0
0.0
0.18
0.4
1.31
2.17
2.82
3.25
3.44
3.41
3.37
3.01
2.49
1.75
0.84
0.11
0.0
0.0
0.0
0.0
0.0
0.0
0.0
0.0
0.0
0.0
0.18
0.41
1.31
2.16
2.82
3.21
3.37
3.29
3.27
2.93
2.44
1.64
0.79
0.1
0.0
0.0
0.0
0.0
0.0
0.0
0.0
0.0
0.0
0.0
0.14
0.38
0.85
1.14
1.72
2.21
2.29
2.28
2.34
2.15
1.77
1.31
0.71
0.09
0.0
0.0
0.0
0.0
0.0
0.0
0.0
0.0
0.0
0.0
0.17
0.36
1.24
2.13
2.79
2.9
2.88
2.68
2.63
2.42
2.12
1.43
0.81
0.1
0.0
0.0
0.0
0.0
0.0
0.0
0.0
0.0
0.0
0.0
0.17
0.39
1.31
2.14
2.77
3.19
3.23
3.35
3.27
2.7
2.38
1.72
0.82
0.09
0.0
0.0
0.0
0.0
0.0
0.0
0.0
0.0
0.0
0.0
0.17
0.38
1.3
2.16
2.8
3.23
3.42
3.4
3.28
2.89
2.27
1.6
0.78
0.09
0.0
0.0
0.0
0.0
0.0
0.0
0.0
0.0
0.0
0.0
0.08
0.29
0.56
0.6
0.7
0.81
1.13
1.45
1.75
1.54
1.1
0.73
0.56
0.07
0.0
0.0
0.0
0.0
0.0
0.0
0.0
0.0
0.0
0.0
0.15
0.41
1.13
1.87
2.37
2.84
3.05
2.85
2.88
2.64
2.06
1.33
0.61
0.06
0.0
0.0
0.0
0.0
0.0
0.0
0.0
0.0
0.0
0.0
0.12
0.38
1.12
1.87
2.39
2.89
2.84
2.91
2.36
1.57
1.23
0.63
0.27
0.02
0.0
0.0
0.0
0.0
0.0
0.0
0.0
0.0
0.0
0.0
0.1
0.38
0.76
1.29
1.79
2.11
2.28
2.39
2.32
1.98
1.46
0.95
0.45
0.03
0.0
0.0
0.0
0.0
0.0
0.0
0.0
0.0
0.0
0.0
0.08
0.38
1.15
1.92
2.51
2.86
3.08
2.99
2.89
2.36
2.0
1.31
0.58
0.05
0.0
0.0
0.0
0.0
0.0
0.0
0.0
0.0
0.0
0.0
0.06
0.36
1.07
1.96
2.61
3.1
3.26
3.36
3.1
2.59
2.07
1.46
0.66
0.05
0.0
0.0
0.0
0.0
0.0
0.0
0.0
0.0
0.0
0.0
0.03
0.33
0.83
1.44
1.83
2.19
2.06
1.6
1.37
1.38
1.14
0.88
0.48
0.02
0.0
0.0
0.0
0.0
0.0
0.0
0.0
0.0
0.0
0.0
0.03
0.33
0.89
1.61
1.85
2.56
2.85
3.11
3.07
2.67
2.18
1.43
0.67
0.04
0.0
0.0
0.0
0.0
0.0
0.0
0.0
0.0
0.0
0.0
0.01
0.33
0.97
1.81
2.59
3.07
3.3
3.19
2.89
2.55
2.12
1.41
0.64
0.03
0.0
0.0
0.0
0.0
0.0
0.0
0.0
0.0
0.0
0.0
0.01
0.38
1.12
1.91
2.69
3.05
3.22
3.05
3.04
2.69
2.25
1.54
0.67
0.03
0.0
0.0
0.0
0.0
0.0
0.0
0.0
0.0
0.0
0.0
0.0
0.38
1.05
1.91
2.51
2.88
3.02
3.13
2.8
2.58
2.23
1.54
0.65
0.03
0.0
0.0
0.0
0.0
0.0
0.0
0.0
0.0
0.0
0.0
0.0
0.37
1.15
1.94
2.58
3.06
3.05
3.07
2.83
2.29
1.87
1.04
0.44
0.01
0.0
0.0
0.0
0.0
0.0
0.0
0.0
0.0
0.0
0.0
0.0
0.34
1.22
2.02
2.75
3.19
3.48
3.5
3.39
3.0
2.41
1.66
0.71
0.02
0.0
0.0
0.0
0.0
0.0
0.0
0.0
0.0
0.0
0.0
0.0
0.35
1.32
2.23
2.89
3.33
3.55
3.58
3.41
3.05
2.46
1.64
0.66
0.01
0.0
0.0
0.0
0.0
0.0
0.0
0.0
0.0
0.0
0.0
0.0
0.37
1.26
2.12
2.77
3.2
3.4
3.43
3.24
2.83
2.26
1.46
0.57
0.0
0.0
0.0
0.0
0.0
0.0
0.0
0.0
0.0
0.0
0.0
0.0
0.37
1.18
1.9
2.51
2.84
2.8
2.73
2.59
2.18
1.77
1.03
0.37
0.01
0.0
0.0
0.0
0.0
0.0
0.0
0.0
0.0
0.0
0.0
0.0
0.34
0.89
1.38
1.85
2.02
2.03
2.53
2.83
2.53
2.02
1.36
0.54
0.0
0.0
0.0
0.0
0.0
0.0
0.0
0.0
0.0
0.0
0.0
0.0
0.36
1.26
2.13
2.78
3.18
3.22
3.21
2.99
2.63
2.16
1.44
0.57
0.01
0.0
0.0
0.0
0.0
0.0
0.0
0.0
0.0
0.0
0.0
0.0
0.33
1.15
2.04
2.68
3.15
3.3
3.38
3.18
2.77
2.16
1.41
0.5
0.0
0.0
0.0
0.0
0.0
0.0
0.0
0.0
0.0
0.0
0.0
0.0
0.3
0.89
1.76
2.46
3.11
3.26
3.44
3.21
2.78
2.39
1.59
0.59
0.01
0.0
0.0
0.0
0.0
0.0
0.0
0.0
0.0
0.0
0.0
0.0
0.35
1.29
2.16
2.8
3.1
3.34
3.36
3.22
2.8
2.21
1.44
0.5
0.01
0.0
0.0
0.0
0.0
0.0
0.0
0.0
0.0
0.0
0.0
0.0
0.33
0.81
1.3
1.48
1.94
1.95
1.61
1.42
1.46
1.0
0.68
0.22
0.01
0.0
0.0
0.0
0.0
0.0
0.0
0.0
0.0
0.0
0.0
0.0
0.2
0.49
0.76
1.05
1.29
1.49
1.65
1.83
1.53
1.25
0.78
0.3
0.01
0.0
0.0
0.0
0.0
0.0
0.0
0.0
0.0
0.0
0.0
0.0
0.34
1.21
2.11
2.74
2.98
2.88
3.09
3.08
2.74
2.02
1.27
0.46
0.01
0.0
0.0
0.0
0.0
0.0
0.0
0.0
0.0
0.0
0.0
0.0
0.38
1.1
1.81
2.43
2.71
2.88
2.82
2.54
2.25
1.73
1.04
0.33
0.0
0.0
0.0
0.0
0.0
0.0
0.0
0.0
0.0
0.0
0.0
0.0
0.36
1.28
2.18
2.87
3.34
3.55
3.57
3.33
2.88
2.21
1.34
0.4
0.01
0.0
0.0
0.0
0.0
0.0
0.0
0.0
0.0
0.0
0.0
0.0
0.29
0.75
1.19
1.85
2.68
3.09
3.01
2.49
2.02
1.41
0.88
0.28
0.01
0.0
0.0
0.0
0.0
0.0
0.0
0.0
0.0
0.0
0.0
0.0
0.35
0.54
0.71
1.09
1.17
1.37
1.52
1.32
0.91
0.8
0.71
0.31
0.01
0.0
0.0
0.0
0.0
0.0
0.0
0.0
0.0
0.0
0.0
0.0
0.31
0.51
0.9
1.32
1.57
1.51
1.78
1.81
1.88
1.73
1.14
0.33
0.01
0.0
0.0
0.0
0.0
0.0
0.0
0.0
0.0
0.0
0.0
0.0
0.33
0.62
1.03
1.31
1.84
2.12
2.53
2.48
2.35
1.82
1.05
0.24
0.01
0.0
0.0
0.0
0.0
0.0
0.0
0.0
0.0
0.0
0.0
0.0
0.23
0.72
1.44
2.27
2.87
3.09
3.06
2.91
2.6
1.92
1.27
0.34
0.01
0.0
0.0
0.0
0.0
0.0
0.0
0.0
0.0
0.0
0.0
0.0
0.29
0.81
1.3
1.18
1.23
1.86
2.28
2.4
1.9
1.48
0.93
0.19
0.01
0.0
0.0
0.0
0.0
0.0
0.0
0.0
0.0
0.0
0.0
0.0
0.2
0.44
0.52
0.95
1.7
2.45
3.06
3.16
2.82
2.22
1.4
0.38
0.01
0.0
0.0
0.0
0.0
0.0
0.0
0.0
0.0
0.0
0.0
0.0
0.32
1.33
2.28
2.97
3.38
3.62
3.6
3.31
2.96
2.33
1.45
0.38
0.0
0.0
0.0
0.0
0.0
0.0
0.0
0.0
0.0
0.0
0.0
0.0
0.32
1.3
2.22
2.89
3.35
3.5
3.58
3.37
2.94
2.28
1.36
0.31
0.0
0.0
0.0
0.0
0.0
0.0
0.0
0.0
0.0
0.0
0.0
0.0
0.29
1.03
1.81
2.49
2.9
2.92
2.64
2.18
1.98
1.37
0.72
0.13
0.0
0.0
0.0
0.0
0.0
0.0
0.0
0.0
0.0
0.0
0.0
0.0
0.31
1.28
2.13
2.73
2.9
3.18
3.54
3.28
3.02
2.35
1.41
0.32
0.0
0.0
0.0
0.0
0.0
0.0
0.0
0.0
0.0
0.0
0.0
0.0
0.31
1.22
2.13
2.59
3.13
3.24
3.47
3.35
2.96
2.3
1.37
0.29
0.01
0.0
0.0
0.0
0.0
0.0
0.0
0.0
0.0
0.0
0.0
0.0
0.31
1.27
2.2
2.68
3.06
3.27
3.28
3.11
2.64
2.01
1.13
0.16
0.01
0.0
0.0
0.0
0.0
0.0
0.0
0.0
0.0
0.0
0.0
0.0
0.19
0.43
0.86
1.26
1.48
1.59
1.67
1.53
1.33
0.88
0.47
0.05
0.01
0.0
0.0
0.0
0.0
0.0
0.0
0.0
0.0
0.0
0.0
0.0
0.14
0.41
0.57
0.59
0.72
0.79
0.82
0.99
0.93
0.77
0.39
0.05
0.01
0.0
0.0
0.0
0.0
0.0
0.0
0.0
0.0
0.0
0.0
0.0
0.25
0.74
1.28
1.81
2.22
2.67
2.89
2.55
2.2
1.49
0.88
0.08
0.01
0.0
0.0
0.0
0.0
0.0
0.0
0.0
0.0
0.0
0.0
0.0
0.29
1.17
2.03
2.71
3.18
3.19
2.87
2.63
2.21
1.67
0.92
0.07
0.0
0.0
0.0
0.0
0.0
0.0
0.0
0.0
0.0
0.0
0.0
0.0
0.28
1.19
2.05
2.75
3.15
3.35
3.3
3.13
2.72
2.01
1.11
0.1
0.0
0.0
0.0
0.0
0.0
0.0
0.0
0.0
0.0
0.0
0.0
0.0
0.17
0.54
0.92
1.28
1.62
1.59
1.9
2.24
1.99
1.43
0.75
0.02
0.01
0.0
0.0
0.0
0.0
0.0
0.0
0.0
0.0
0.0
0.0
0.0
0.28
1.24
2.18
2.59
2.98
3.05
3.18
2.91
2.6
2.15
1.24
0.08
0.0
0.0
0.0
0.0
0.0
0.0
0.0
0.0
0.0
0.0
0.0
0.0
0.27
1.36
2.37
3.08
3.55
3.79
3.77
3.52
3.04
2.3
1.29
0.08
0.01
0.0
0.0
0.0
0.0
0.0
0.0
0.0
0.0
0.0
0.0
0.0
0.28
1.36
2.34
3.04
3.47
3.65
3.49
3.3
2.61
1.7
0.84
0.01
0.01
0.0
0.0
0.0
0.0
0.0
0.0
0.0
0.0
0.0
0.0
0.0
0.14
0.53
1.03
1.49
2.15
2.44
2.41
2.39
2.08
1.48
0.83
0.01
0.01
0.0
0.0
0.0
0.0
0.0
0.0
0.0
0.0
0.0
0.0
0.0
0.2
0.38
0.54
0.68
0.78
0.84
0.93
0.73
0.7
0.56
0.85
0.01
0.01
0.0
0.0
0.0
0.0
0.0
0.0
0.0
0.0
0.0
0.0
0.0
0.24
0.86
1.35
1.83
2.14
2.5
2.52
2.4
2.11
1.62
0.89
0.01
0.01
0.0
0.0
0.0
0.0
0.0
0.0
0.0
0.0
0.0
0.0
0.0
0.15
0.53
1.05
1.4
1.6
1.28
1.15
0.88
0.6
0.35
0.15
0.01
0.01
0.0
0.0
0.0
0.0
0.0
0.0
0.0
0.0
0.0
0.0
0.0
0.13
0.43
0.59
0.64
0.89
0.87
0.92
0.75
0.54
0.36
0.12
0.0
0.0
0.0
0.0
0.0
0.0
0.0
0.0
0.0
0.0
0.0
0.0
0.0
0.22
0.52
0.53
0.69
0.76
0.82
0.88
0.66
0.65
0.45
0.5
0.01
0.0
0.0
0.0
0.0
0.0
0.0
0.0
0.0
0.0
0.0
0.0
0.0
0.17
0.71
1.4
2.25
2.62
2.28
2.29
1.76
1.49
1.25
0.68
0.0
0.0
0.0
0.0
0.0
0.0
0.0
0.0
0.0
0.0
0.0
0.0
0.0
0.15
0.43
0.79
1.28
1.36
1.81
2.12
2.16
1.91
1.63
0.91
0.0
0.0
0.0
0.0
0.0
0.0
0.0
0.0
0.0
0.0
0.0
0.0
0.0
0.21
1.17
1.9
2.63
3.02
3.17
3.1
2.88
2.48
1.91
0.98
0.01
0.0
0.0
0.0
0.0
0.0
0.0
0.0
0.0
0.0
0.0
0.0
0.0
0.19
1.22
2.05
2.9
3.34
3.53
3.49
3.23
2.75
2.0
0.96
0.0
0.0
0.0
0.0
0.0
0.0
0.0
0.0
0.0
0.0
0.0
0.0
0.0
0.17
1.23
2.18
2.85
3.27
3.46
3.43
3.19
2.71
1.96
0.92
0.01
0.0
0.0
0.0
0.0
0.0
0.0
0.0
0.0
0.0
0.0
0.0
0.0
0.13
0.84
1.44
2.04
2.3
2.3
1.66
1.18
0.77
0.4
0.12
0.01
0.0
0.0
0.0
0.0
0.0
0.0
0.0
0.0
0.0
0.0
0.0
0.0
0.01
0.13
0.24
0.31
0.49
0.47
0.43
0.4
0.31
0.18
0.06
0.01
0.0
0.0
0.0
0.0
0.0
0.0
0.0
0.0
0.0
0.0
0.0
0.0
0.12
1.21
2.24
2.99
3.46
3.65
3.69
3.48
2.93
2.1
0.95
0.01
0.0
0.0
0.0
0.0
0.0
0.0
0.0
0.0
0.0
0.0
0.0
0.0
0.09
1.25
2.23
2.92
3.36
3.55
3.51
3.23
2.72
1.94
0.85
0.01
0.0
0.0
0.0
0.0
0.0
0.0
0.0
0.0
0.0
0.0
0.0
0.0
0.07
1.13
2.07
2.8
3.28
3.44
3.4
3.17
2.61
1.89
0.8
0.01
0.0
0.0
0.0
0.0
0.0
0.0
0.0
0.0
0.0
0.0
0.0
0.0
0.05
0.85
1.42
1.93
2.33
2.57
2.23
1.29
0.8
0.53
0.18
0.01
0.0
0.0
0.0
0.0
0.0
0.0
0.0
0.0
0.0
0.0
0.0
0.0
0.03
1.25
2.29
3.01
3.42
3.62
3.66
3.36
2.82
1.99
0.82
0.0
0.0
0.0
0.0
0.0
0.0
0.0
0.0
0.0
0.0
0.0
0.0
0.0
0.02
1.24
2.22
2.91
3.31
3.5
3.5
2.99
2.24
1.61
0.63
0.01
0.0
0.0
0.0
0.0
0.0
0.0
0.0
0.0
0.0
0.0
0.0
0.0
0.01
1.04
1.7
2.29
2.5
2.46
2.69
2.18
1.54
0.91
0.21
0.0
0.0
0.0
0.0
0.0
0.0
0.0
0.0
0.0
0.0
0.0
0.0
0.0
0.0
1.02
1.86
2.49
2.61
2.36
2.13
1.65
1.09
0.94
0.28
0.01
0.0
0.0
0.0
0.0
0.0
0.0
0.0
0.0
0.0
0.0
0.0
0.0
0.0
0.87
0.89
1.23
1.57
1.91
2.33
2.79
2.36
1.55
0.46
0.01
0.0
0.0
0.0
0.0
0.0
0.0
0.0
0.0
0.0
0.0
0.0
0.0
0.0
0.88
1.4
1.88
2.5
2.84
3.05
2.91
2.48
1.71
0.59
0.0
0.0
0.0
0.0
0.0
0.0
0.0
0.0
0.0
0.0
0.0
0.0
0.0
0.0
1.03
1.9
2.44
2.45
2.12
1.82
1.54
1.15
1.08
0.26
0.01
0.0
0.0
0.0
0.0
0.0
0.0
0.0
0.0
0.0
0.0
0.0
0.0
0.0
0.73
0.86
0.97
1.36
1.25
0.84
0.74
0.63
0.43
0.08
0.01
0.0
0.0
0.0
0.0
0.0
0.0
0.0
0.0
0.0
0.0
0.0
0.0
0.0
0.89
0.59
0.59
0.38
0.32
0.85
0.94
0.77
0.56
0.1
0.01
0.0
0.0
0.0
0.0
0.0
0.0
0.0
0.0
0.0
0.0
0.0
0.0
0.0
1.04
2.01
2.73
3.2
3.53
3.53
3.33
2.74
1.84
0.54
0.01
0.0
0.0
0.0
0.0
0.0
0.0
0.0
0.0
0.0
0.0
0.0
0.0
0.0
1.03
1.89
2.45
3.15
3.39
3.11
2.76
2.21
1.53
0.31
0.01
0.0
0.0
0.0
0.0
0.0
0.0
0.0
0.0
0.0
0.0
0.0
0.0
0.0
1.07
1.96
2.59
2.83
2.43
2.1
1.7
1.36
1.19
0.25
0.01
0.0
0.0
0.0
0.0
0.0
0.0
0.0
0.0
0.0
0.0
0.0
0.0
0.0
1.0
1.92
2.59
2.69
2.65
2.0
1.82
1.37
1.19
0.2
0.01
0.0
0.0
0.0
0.0
0.0
0.0
0.0
0.0
0.0
0.0
0.0
0.0
0.0
0.52
1.07
1.13
1.17
0.99
0.79
0.4
0.26
0.12
0.01
0.01
0.0
0.0
0.0
0.0
0.0
0.0
0.0
0.0
0.0
0.0
0.0
0.0
0.0
0.63
0.76
0.84
1.12
0.91
0.79
0.7
0.48
0.99
0.05
0.01
0.0
0.0
0.0
0.0
0.0
0.0
0.0
0.0
0.0
0.0
0.0
0.0
0.0
0.49
0.78
1.17
1.38
1.53
1.63
1.14
0.79
0.38
0.01
0.0
0.0
0.0
0.0
0.0
0.0
0.0
0.0
0.0
0.0
0.0
0.0
0.0
0.0
0.67
1.25
1.61
2.08
1.73
1.46
0.87
0.54
0.26
0.01
0.01
0.0
0.0
0.0
0.0
0.0
0.0
0.0
0.0
0.0
0.0
0.0
0.0
0.0
0.85
1.65
2.32
2.79
2.78
2.93
2.75
2.25
1.46
0.15
0.01
0.0
0.0
0.0
0.0
0.0
0.0
0.0
0.0
0.0
0.0
0.0
0.0
0.0
1.02
2.06
2.77
3.22
3.32
3.21
2.9
2.39
1.49
0.1
0.01
0.0
0.0
0.0
0.0
0.0
0.0
0.0
0.0
0.0
0.0
0.0
0.0
0.0
0.8
1.7
2.4
2.66
2.57
2.35
1.97
1.53
1.13
0.03
0.01
0.0
0.0
0.0
0.0
0.0
0.0
0.0
0.0
0.0
0.0
0.0
0.0
0.0
0.29
0.56
0.87
0.81
0.58
0.82
0.62
0.64
0.76
0.02
0.01
0.0
0.0
0.0
0.0
0.0
0.0
0.0
0.0
0.0
0.0
0.0
0.0
0.0
0.82
1.58
2.08
2.41
2.86
3.19
3.08
2.5
1.63
0.02
0.01
0.0
0.0
0.0
0.0
0.0
0.0
0.0
0.0
0.0
0.0
0.0
0.0
0.0
0.71
0.66
1.08
1.87
2.06
1.99
2.11
1.73
0.99
0.01
0.01
0.0
0.0
0.0
0.0
0.0
0.0
0.0
0.0
0.0
0.0
0.0
0.0
0.0
0.63
1.02
1.32
1.32
1.5
1.15
1.14
1.09
0.82
0.01
0.01
0.0
0.0
0.0
0.0
0.0
0.0
0.0
0.0
0.0
0.0
0.0
0.0
0.0
0.87
1.81
2.29
2.67
2.9
2.83
2.7
2.42
1.49
0.0
0.0
0.0
0.0
0.0
0.0
0.0
0.0
0.0
0.0
0.0
0.0
0.0
0.0
0.0
0.89
1.93
2.67
3.1
3.26
3.19
2.88
2.32
1.41
0.01
0.01
0.0
0.0
0.0
0.0
0.0
0.0
0.0
0.0
0.0
0.0
0.0
0.0
0.0
0.39
0.77
1.18
1.05
0.95
0.96
0.58
0.39
0.2
0.01
0.01
0.0
0.0
0.0
0.0
0.0
0.0
0.0
0.0
0.0
0.0
0.0
0.0
0.0
0.81
1.84
2.52
2.97
3.14
3.07
2.57
2.1
1.23
0.01
0.01
0.0
0.0
0.0
0.0
0.0
0.0
0.0
0.0
0.0
0.0
0.0
0.0
0.0
0.64
1.62
2.12
2.59
2.48
2.47
2.73
2.28
1.39
0.01
0.01
0.0
0.0
0.0
0.0
0.0
0.0
0.0
0.0
0.0
0.0
0.0
0.0
0.0
0.85
1.98
2.81
3.25
3.38
3.32
2.83
2.43
1.42
0.01
0.01
0.0
0.0
0.0
0.0
0.0
0.0
0.0
0.0
0.0
0.0
0.0
0.0
0.0
0.68
1.66
2.32
3.11
3.29
3.23
2.91
2.33
1.39
0.01
0.01
0.0
0.0
0.0
0.0
0.0
0.0
0.0
0.0
0.0
0.0
0.0
0.0
0.0
0.81
1.93
2.7
3.14
3.32
3.26
2.91
2.33
1.36
0.01
0.01
0.0
0.0
0.0
0.0
0.0
0.0
0.0
0.0
0.0
0.0
0.0
0.0
0.0
0.25
0.57
0.69
0.72
0.6
0.63
0.38
0.27
0.12
0.01
0.01
0.0
0.0
0.0
0.0
0.0
0.0
0.0
0.0
0.0
0.0
0.0
0.0
0.0
0.51
1.24
0.91
0.96
0.89
1.01
0.92
1.55
1.08
0.01
0.01
0.0
0.0
0.0
0.0
0.0
0.0
0.0
0.0
0.0
0.0
0.0
0.0
0.0
0.47
1.25
1.47
1.59
1.71
1.69
1.86
2.09
1.25
0.01
0.0
0.0
0.0
0.0
0.0
0.0
0.0
0.0
0.0
0.0
0.0
0.0
0.0
0.0
0.61
1.69
2.42
2.85
3.1
3.07
2.84
2.26
1.31
0.0
0.0
0.0
0.0
0.0
0.0
0.0
0.0
0.0
0.0
0.0
0.0
0.0
0.0
0.0
0.6
1.77
2.18
2.48
2.68
2.73
2.5
2.27
1.3
0.02
0.01
0.0
0.0
0.0
0.0
0.0
0.0
0.0
0.0
0.0
0.0
0.0
0.0
0.0
0.13
0.43
0.78
1.07
1.14
0.93
0.71
0.44
0.18
0.01
0.01
0.0
0.0
0.0
0.0
0.0
0.0
0.0
0.0
0.0
0.0
0.0
0.0
0.0
0.26
0.89
1.47
1.75
1.94
1.68
1.49
1.05
0.66
0.01
0.0
0.0
0.0
0.0
0.0
0.0
0.0
0.0
0.0
0.0
0.0
0.0
0.0
0.0
0.53
1.65
2.38
2.9
3.1
2.92
2.54
2.05
1.13
0.0
0.0
0.0
0.0
0.0
0.0
0.0
0.0
0.0
0.0
0.0
0.0
0.0
0.0
0.0
0.58
1.82
2.53
3.0
3.33
3.21
2.79
2.28
1.29
0.0
0.0
0.0
0.0
0.0
0.0
0.0
0.0
0.0
0.0
0.0
0.0
0.0
0.0
0.0
0.1
0.5
0.79
0.78
0.76
0.89
0.61
0.39
0.11
0.0
0.0
0.0
0.0
0.0
0.0
0.0
0.0
0.0
0.0
0.0
0.0
0.0
0.0
0.0
0.02
0.14
0.26
0.48
0.55
0.45
0.41
0.28
0.11
0.01
0.01
0.0
0.0
0.0
0.0
0.0
0.0
0.0
0.0
0.0
0.0
0.0
0.0
0.0
0.11
0.63
0.88
0.98
1.07
1.24
1.31
1.34
0.63
0.01
0.01
0.0
0.0
0.0
0.0
0.0
0.0
0.0
0.0
0.0
0.0
0.0
0.0
0.0
0.32
1.42
1.9
2.21
2.44
2.18
1.84
1.44
0.68
0.0
0.0
0.0
0.0
0.0
0.0
0.0
0.0
0.0
0.0
0.0
0.0
0.0
0.0
0.0
0.35
1.66
2.35
2.86
3.22
3.22
2.95
2.32
1.27
0.01
0.0
0.0
0.0
0.0
0.0
0.0
0.0
0.0
0.0
0.0
0.0
0.0
0.0
0.0
0.01
0.08
0.15
0.18
0.21
0.17
0.14
0.08
0.01
0.0
0.0
0.0
0.0
0.0
0.0
0.0
0.0
0.0
0.0
0.0
0.0
0.0
0.0
0.0
0.03
0.35
0.55
0.4
0.49
0.45
0.35
0.23
0.07
0.0
0.0
0.0
0.0
0.0
0.0
0.0
0.0
0.0
0.0
0.0
0.0
0.0
0.0
0.0
0.12
1.51
2.2
2.33
2.21
2.28
1.86
1.39
0.65
0.0
0.0
0.0
0.0
0.0
0.0
0.0
0.0
0.0
0.0
0.0
0.0
0.0
0.0
0.0
0.11
1.32
1.86
2.34
2.4
1.76
1.43
1.65
0.88
0.0
0.0
0.0
0.0
0.0
0.0
0.0
0.0
0.0
0.0
0.0
0.0
0.0
0.0
0.0
0.11
1.45
1.99
1.72
1.51
1.35
1.09
0.99
0.54
0.0
0.0
0.0
0.0
0.0
0.0
0.0
0.0
0.0
0.0
0.0
0.0
0.0
0.0
0.0
0.04
1.12
1.6
2.51
2.93
2.92
2.64
2.25
1.21
0.01
0.0
0.0
0.0
0.0
0.0
0.0
0.0
0.0
0.0
0.0
0.0
0.0
0.0
0.0
0.0
0.1
0.2
0.22
0.25
0.34
0.4
1.23
0.56
0.0
0.0
0.0
0.0
0.0
0.0
0.0
0.0
0.0
0.0
0.0
0.0
0.0
0.0
0.0
0.03
1.52
2.29
2.75
2.68
2.63
2.38
1.87
0.94
0.01
0.01
0.0
0.0
0.0
0.0
0.0
0.0
0.0
0.0
0.0
0.0
0.0
0.0
0.0
0.0
1.14
0.69
0.95
1.1
0.85
0.79
1.66
0.75
0.01
0.01
0.0
0.0
0.0
0.0
0.0
0.0
0.0
0.0
0.0
0.0
0.0
0.0
0.0
0.0
0.91
1.32
1.58
1.48
1.41
1.29
1.32
0.74
0.01
0.0
0.0
0.0
0.0
0.0
0.0
0.0
0.0
0.0
0.0
0.0
0.0
0.0
0.0
0.0
1.42
2.19
2.56
2.84
2.81
2.66
2.18
1.14
0.01
0.0
0.0
0.0
0.0
0.0
0.0
0.0
0.0
0.0
0.0
0.0
0.0
0.0
0.0
0.0
1.39
2.03
2.62
3.06
2.97
2.76
2.17
1.13
0.01
0.0
0.0
0.0
0.0
0.0
0.0
0.0
0.0
0.0
0.0
0.0
0.0
0.0
0.0
0.0
1.41
2.28
2.62
2.82
2.79
2.18
1.59
0.7
0.0
0.0
0.0
0.0
0.0
0.0
0.0
0.0
0.0
0.0
0.0
0.0
0.0
0.0
0.0
0.0
0.24
0.42
0.67
0.87
1.05
0.85
1.45
0.76
0.01
0.01
0.0
0.0
0.0
0.0
0.0
0.0
0.0
0.0
0.0
0.0
0.0
0.0
0.0
0.0
1.43
2.38
2.87
3.01
2.75
2.22
1.64
0.74
0.01
0.01
0.0
0.0
0.0
0.0
0.0
0.0
0.0
0.0
0.0
0.0
0.0
0.0
0.0
0.0
1.3
2.08
2.75
3.15
3.19
2.99
2.37
1.29
0.01
0.01
0.0
0.0
0.0
0.0
0.0
0.0
0.0
0.0
0.0
0.0
0.0
0.0
0.0
0.0
1.4
2.02
2.6
2.79
2.49
2.09
2.0
0.95
0.01
0.0
0.0
0.0
0.0
0.0
0.0
0.0
0.0
0.0
0.0
0.0
0.0
0.0
0.0
0.0
1.62
2.57
3.16
3.42
3.39
3.03
2.34
1.21
0.0
0.0
0.0
0.0
0.0
0.0
0.0
0.0
0.0
0.0
0.0
0.0
0.0
0.0
0.0
0.0
0.09
0.19
0.26
0.35
0.39
0.37
1.36
0.63
0.01
0.0
0.0
0.0
0.0
0.0
0.0
0.0
0.0
0.0
0.0
0.0
0.0
0.0
0.0
0.0
0.13
0.26
0.31
0.3
0.56
0.47
0.31
0.1
0.01
0.01
0.0
0.0
0.0
0.0
0.0
0.0
0.0
0.0
0.0
0.0
0.0
0.0
0.0
0.0
1.42
2.34
2.98
3.06
2.85
2.52
2.01
1.09
0.01
0.01
0.0
0.0
0.0
0.0
0.0
0.0
0.0
0.0
0.0
0.0
0.0
0.0
0.0
0.0
1.42
2.25
2.63
2.64
2.7
2.52
2.21
1.23
0.01
0.01
0.0
0.0
0.0
0.0
0.0
0.0
0.0
0.0
0.0
0.0
0.0
0.0
0.0
0.0
1.39
2.34
2.98
3.05
2.88
2.55
1.97
1.03
0.01
0.01
0.0
0.0
0.0
0.0
0.0
0.0
0.0
0.0
0.0
0.0
0.0
0.0
0.0
0.0
0.2
0.35
0.53
0.62
0.76
0.88
1.47
0.72
0.01
0.0
0.0
0.0
0.0
0.0
0.0
0.0
0.0
0.0
0.0
0.0
0.0
0.0
0.0
0.0
1.34
2.27
2.88
3.09
3.04
2.77
2.24
1.25
0.01
0.01
0.0
0.0
0.0
0.0
0.0
0.0
0.0
0.0
0.0
0.0
0.0
0.0
0.0
0.0
0.16
0.29
0.38
0.27
0.17
0.38
1.92
1.05
0.01
0.01
0.0
0.0
0.0
0.0
0.0
0.0
0.0
0.0
0.0
0.0
0.0
0.0
0.0
0.0
1.35
2.27
2.86
3.26
3.37
3.11
2.53
1.53
0.01
0.01
0.0
0.0
0.0
0.0
0.0
0.0
0.0
0.0
0.0
0.0
0.0
0.0
0.0
0.0
1.4
2.31
2.46
2.65
2.46
1.89
1.7
0.84
0.01
0.01
0.0
0.0
0.0
0.0
0.0
0.0
0.0
0.0
0.0
0.0
0.0
0.0
0.0
0.0
0.47
0.8
1.27
1.24
1.79
2.19
2.07
1.17
0.01
0.01
0.0
0.0
0.0
0.0
0.0
0.0
0.0
0.0
0.0
0.0
0.0
0.0
0.0
0.0
0.93
1.32
1.27
1.17
0.92
0.94
1.2
0.69
0.01
0.01
0.0
0.0
0.0
0.0
0.0
0.0
0.0
0.0
0.0
0.0
0.0
0.0
0.0
0.0
0.16
0.3
0.32
0.33
0.26
0.3
0.2
0.08
0.01
0.01
0.0
0.0
0.0
0.0
0.0
0.0
0.0
0.0
0.0
0.0
0.0
0.0
0.0
0.0
1.12
1.91
2.35
2.29
1.8
1.98
2.14
1.26
0.01
0.01
0.0
0.0
0.0
0.0
0.0
0.0
0.0
0.0
0.0
0.0
0.0
0.0
0.0
0.0
1.11
1.94
2.51
2.82
2.87
2.61
2.05
1.11
0.01
0.01
0.0
