1.5
1.49
1.57
1.61
1.68
1.97
2.13
2.17
1.99
1.97
1.85
1.81
2.09
2.5
3.53
2.62
3.7
4.72
4.38
3.94
3.8
4.12
4.2
3.08
2.11
2.1
1.75
1.79
1.83
2.27
2.09
1.98
1.86
1.77
1.79
1.81
1.95
2.23
3.37
3.24
2.6
2.41
2.32
2.51
1.58
1.51
1.51
1.52
1.49
1.49
1.49
1.57
1.71
2.03
2.04
1.97
1.61
1.61
1.63
1.62
1.61
2.04
2.51
2.25
1.88
1.69
1.78
1.4
1.29
1.34
1.28
1.36
1.35
1.4
1.35
1.77
2.23
2.23
2.35
1.95
1.8
1.73
1.61
1.62
1.76
2.59
3.67
3.97
4.01
4.4
3.74
3.53
3.48
3.48
3.4
2.32
1.28
1.21
1.9
3.72
3.65
3.61
3.27
2.93
2.63
1.88
1.45
1.46
1.65
2.7
3.67
3.07
3.63
3.9
3.56
3.4
3.35
3.33
3.28
2.21
1.16
1.13
1.12
2.09
2.66
1.67
1.34
1.27
1.22
1.17
1.14
1.15
1.19
2.08
3.62
2.83
3.65
3.92
3.46
3.37
3.32
3.25
3.24
2.21
1.2
1.21
1.27
2.06
2.33
1.57
1.42
1.31
1.28
1.26
1.28
1.3
1.36
2.0
3.14
2.63
3.09
3.86
3.49
3.4
3.34
3.28
3.28
2.25
1.22
1.22
1.3
1.61
2.0
1.77
1.54
1.4
1.4
1.46
1.47
1.47
1.53
2.08
2.61
2.2
2.78
3.68
3.57
3.53
3.44
3.32
3.29
2.26
1.23
1.24
1.26
1.32
1.55
1.65
1.76
2.09
2.25
1.99
1.7
1.81
1.58
2.31
3.2
2.82
2.34
1.85
1.53
1.41
1.42
1.37
1.44
1.42
1.43
1.36
1.41
1.49
1.63
1.69
1.93
2.13
2.04
1.87
2.1
2.11
2.27
2.99
3.33
2.72
1.88
1.79
1.7
1.71
1.36
1.21
1.14
1.36
1.43
1.28
1.4
1.52
1.75
1.76
1.94
1.94
1.87
1.76
1.76
1.75
1.83
3.42
4.11
3.82
4.38
4.85
3.79
3.65
3.59
3.61
3.55
2.53
1.53
1.65
1.73
2.0
2.39
2.42
2.37
2.14
2.07
1.93
2.38
2.24
2.48
3.18
3.39
3.03
3.6
4.49
4.04
3.76
3.72
3.7
3.69
2.65
1.62
1.65
1.68
2.28
2.65
2.38
2.11
2.83
2.25
2.25
1.79
1.77
1.92
3.14
4.07
3.72
3.96
4.76
4.07
3.62
3.52
3.43
3.36
2.3
1.28
1.29
1.48
2.31
3.52
3.54
3.01
2.09
1.72
1.67
1.71
1.76
1.84
1.88
3.79
3.42
3.59
3.87
3.75
3.67
3.62
3.57
3.56
2.49
1.53
1.51
1.64
2.1
2.4
2.44
2.27
1.86
1.85
1.72
1.68
1.79
1.86
2.34
3.02
2.71
3.53
4.32
3.9
3.76
3.74
3.67
3.62
2.57
1.54
1.55
1.56
1.59
1.68
2.2
2.95
2.91
2.43
1.79
1.86
1.78
1.87
2.59
3.6
3.29
2.28
1.78
1.69
1.65
1.6
1.59
1.59
1.59
1.59
1.59
1.56
1.6
1.67
1.86
1.89
1.86
1.86
1.84
1.78
1.77
2.09
3.35
4.17
3.74
3.06
2.39
1.98
1.66
1.58
1.54
1.56
1.56
1.53
1.56
1.51
1.6
1.78
1.87
2.37
2.48
2.14
1.81
1.74
1.73
2.09
3.1
4.31
3.92
4.61
4.44
3.76
3.66
3.63
3.63
3.61
2.53
1.46
1.4
1.36
2.25
2.94
2.65
2.14
2.06
1.61
1.55
1.59
1.6
1.86
3.11
4.11
3.71
4.32
5.12
4.31
3.73
3.4
3.42
3.43
2.4
1.34
1.35
1.45
3.11
3.31
3.28
2.68
1.81
1.61
1.54
1.54
1.54
1.66
2.29
3.43
3.08
3.62
4.25
3.95
3.63
3.47
3.51
3.52
2.49
1.41
1.4
1.44
1.74
2.21
2.36
2.13
1.77
1.57
1.52
1.49
1.5
1.67
2.17
3.24
3.04
3.67
3.94
3.57
3.5
3.51
3.5
3.53
2.47
1.42
1.41
1.42
1.88
2.51
2.57
2.3
1.77
1.63
1.52
1.52
1.55
1.68
2.28
2.7
2.66
3.24
3.7
3.55
3.48
3.46
3.44
3.45
2.4
1.37
1.37
1.37
1.38
1.78
2.04
1.94
2.55
2.25
2.67
2.27
2.1
2.22
3.1
3.27
3.3
2.69
2.01
1.56
1.47
1.45
1.41
1.32
1.32
1.31
1.31
1.33
1.33
1.47
1.85
2.18
1.94
1.89
1.61
1.54
1.54
1.63
2.05
3.06
3.21
2.7
2.09
1.49
1.45
1.33
1.33
1.3
1.32
1.27
1.29
1.37
2.2
3.39
2.98
2.76
2.53
2.14
1.79
1.58
1.54
1.85
2.53
3.39
3.29
4.31
4.5
3.81
3.96
3.57
3.51
3.5
2.47
1.43
1.43
1.48
1.47
1.93
1.72
1.81
1.58
1.54
1.52
1.5
1.56
1.59
1.68
2.38
2.32
3.05
3.74
3.62
3.53
3.47
3.41
3.41
2.43
1.39
1.44
1.46
1.47
1.54
1.69
1.72
1.69
1.65
1.61
1.59
1.6
1.64
1.95
3.3
3.25
3.83
4.13
3.7
3.59
3.55
3.55
3.55
2.51
1.48
1.48
1.56
2.26
2.98
2.94
2.31
2.02
1.78
1.63
1.6
1.56
1.61
2.08
3.2
3.07
3.47
3.98
4.14
3.78
3.45
3.42
3.42
2.39
1.36
1.37
1.39
1.72
2.04
2.1
2.0
2.27
1.94
1.76
1.47
1.46
1.47
1.94
2.44
2.41
3.35
3.93
3.52
3.46
3.41
3.37
3.38
2.34
1.31
1.31
1.33
1.31
1.6
2.11
1.67
1.74
1.9
1.63
1.59
1.53
1.53
1.66
2.82
2.89
2.17
1.61
1.59
1.66
1.31
1.28
1.28
1.27
1.27
1.28
1.29
1.35
1.37
1.86
1.72
1.82
1.65
1.76
1.93
1.79
1.79
1.9
2.95
2.95
2.45
1.96
1.71
1.37
1.31
1.28
1.31
1.3
1.25
1.28
1.38
1.51
1.65
1.95
1.88
1.77
1.73
1.65
1.63
1.81
2.02
2.17
2.86
3.0
3.6
3.95
3.69
3.53
3.43
3.54
3.55
2.51
1.51
1.54
1.56
2.27
2.45
2.63
2.47
2.46
2.23
1.94
1.91
2.14
2.37
2.6
3.41
3.4
4.26
4.61
4.1
3.62
3.58
3.62
3.6
2.56
1.54
1.55
2.1
1.95
2.34
2.55
3.05
2.76
2.7
1.92
1.83
1.96
2.22
2.7
3.21
3.03
3.36
4.45
4.23
3.88
3.76
3.72
3.7
2.68
1.69
1.73
1.81
2.12
2.49
2.44
2.69
2.64
2.79
2.47
2.17
2.13
2.15
2.72
3.78
3.45
3.95
4.64
4.09
3.85
3.82
3.77
3.75
2.73
1.7
1.71
1.63
1.94
2.17
2.77
3.28
3.46
3.04
2.66
2.34
2.08
1.98
2.5
2.97
2.82
3.74
4.79
4.23
3.89
3.84
3.78
3.78
2.73
1.72
1.68
1.69
1.79
2.07
2.6
2.83
2.81
2.56
2.04
1.95
1.92
1.99
2.29
2.93
3.24
2.65
2.39
1.97
1.85
1.81
1.71
1.7
1.69
1.62
1.67
1.7
1.77
1.87
2.19
2.19
2.25
2.1
1.88
1.87
1.81
1.91
2.61
3.68
3.49
3.16
2.93
2.16
1.76
1.69
1.59
1.58
1.59
1.58
1.55
1.52
1.62
1.93
2.36
2.68
3.16
2.93
2.74
2.67
2.47
2.37
2.62
3.7
3.87
4.21
4.27
4.11
3.66
3.65
3.58
3.56
2.53
1.5
1.5
1.52
2.58
2.13
2.05
2.32
2.61
2.1
1.97
1.81
1.67
1.9
2.13
2.57
2.67
3.22
4.32
3.82
3.65
3.63
3.7
3.6
2.52
1.48
1.48
1.5
1.83
2.07
2.22
2.91
2.6
2.51
2.05
2.04
2.03
1.9
2.32
2.79
3.13
3.4
4.48
3.96
3.6
3.58
3.57
3.56
2.49
1.46
1.46
1.47
1.81
2.19
2.05
2.1
2.01
1.76
1.64
1.57
1.57
1.63
2.27
2.97
3.38
4.48
4.24
3.71
3.46
3.37
3.36
3.34
2.27
1.22
1.2
1.17
3.03
2.67
2.59
2.35
2.0
2.06
1.58
1.45
1.45
1.47
2.28
3.05
2.84
3.64
3.83
3.72
3.59
3.48
3.4
3.41
2.31
1.27
1.25
1.25
1.29
1.31
1.54
1.95
2.21
1.99
1.79
1.53
1.46
1.51
1.68
3.03
3.63
3.51
3.11
2.06
1.53
1.41
1.36
1.38
1.31
1.27
1.26
1.33
2.11
1.65
2.15
2.89
2.59
1.99
1.59
1.45
1.4
1.4
1.85
2.93
3.08
2.58
1.91
1.89
1.4
1.37
1.25
1.29
1.28
1.25
1.28
1.25
2.5
3.17
3.15
3.67
3.27
3.12
2.79
1.63
1.63
1.67
1.77
2.19
2.77
3.2
3.63
3.46
3.39
3.33
3.27
3.27
2.23
1.2
1.2
1.23
1.52
1.77
2.07
2.25
1.97
1.71
1.53
1.4
1.77
1.37
1.76
2.22
2.23
2.89
3.84
3.77
3.72
3.67
3.65
3.64
2.58
1.54
1.61
1.66
1.7
2.05
2.15
2.13
2.2
2.21
1.99
1.93
1.89
1.93
2.15
3.1
3.38
3.77
4.25
4.04
3.94
3.89
3.98
4.01
2.98
1.9
1.88
1.9
2.38
2.66
2.96
2.97
2.55
2.34
2.07
1.96
1.97
1.98
2.2
3.55
4.02
4.38
5.04
4.25
4.01
3.95
3.86
3.85
2.81
1.79
1.86
1.87
2.32
2.4
2.52
3.19
3.14
2.44
2.13
2.05
1.99
1.94
2.35
3.16
3.18
3.53
4.25
4.19
3.84
3.82
3.7
3.72
2.64
1.61
1.65
1.78
1.81
1.86
2.55
2.63
1.97
1.73
1.68
1.74
1.72
1.83
1.99
3.01
3.39
2.9
2.88
2.2
1.85
1.62
1.66
1.66
1.65
1.61
1.61
1.56
1.48
1.74
1.96
2.08
2.04
1.97
1.93
1.86
1.82
1.88
2.01
3.6
3.84
3.23
2.91
2.01
1.73
1.66
1.73
1.73
1.68
1.68
1.7
1.68
2.38
3.0
2.62
2.61
2.63
2.61
2.27
2.09
1.96
1.98
2.23
3.23
4.06
4.61
5.25
4.2
4.0
3.84
3.79
3.77
2.74
1.71
1.69
1.81
2.63
2.68
3.06
2.64
2.67
2.2
2.0
2.14
2.59
2.89
3.17
3.87
4.14
4.32
4.83
3.9
4.2
3.9
3.77
3.75
2.71
1.68
1.68
1.89
2.16
2.43
2.52
2.49
2.77
2.77
2.48
2.43
2.43
2.69
3.17
3.69
3.82
4.45
4.78
4.17
4.02
3.95
3.9
3.92
2.89
1.82
1.82
1.81
1.93
2.28
2.25
2.23
2.24
2.22
2.2
2.06
2.09
2.17
2.19
3.17
3.21
3.57
4.21
4.04
3.71
3.65
3.68
3.66
2.62
1.58
1.56
1.53
1.58
2.4
2.78
2.15
1.94
2.16
1.95
1.91
1.92
1.96
2.21
2.74
3.57
3.8
4.48
4.01
3.95
3.92
4.01
4.04
2.96
1.97
1.96
1.98
2.06
2.29
2.78
3.2
2.42
2.26
2.1
2.12
2.0
2.12
2.25
2.91
3.46
3.14
2.95
2.84
2.29
2.17
2.17
2.13
2.16
2.07
2.09
2.11
2.16
2.17
2.56
2.85
2.75
2.45
2.37
2.51
2.59
2.32
2.54
3.11
3.89
3.48
3.13
2.86
2.67
2.24
2.22
2.22
2.21
2.22
2.2
2.37
2.55
2.54
2.34
2.24
2.29
2.21
2.15
2.08
2.06
2.15
2.19
3.11
3.35
3.87
4.55
4.38
4.0
4.02
3.99
3.96
2.92
1.96
2.0
1.99
2.05
2.45
2.07
2.05
2.02
2.03
2.04
2.11
2.15
2.25
2.33
2.77
3.35
4.37
4.95
4.46
4.21
4.11
4.05
4.02
2.98
2.44
1.96
2.09
2.94
3.29
3.39
3.39
2.86
2.34
2.12
2.13
1.97
2.13
2.23
3.16
3.85
4.77
5.21
4.71
4.64
4.24
3.9
3.89
2.88
1.72
1.72
1.81
2.74
3.18
2.75
2.29
2.28
2.21
1.95
1.92
1.95
2.11
2.27
2.65
3.6
4.34
4.7
4.5
4.29
4.01
3.89
3.94
2.9
1.81
1.84
1.95
2.66
2.88
3.57
3.4
2.78
2.53
2.07
2.19
2.31
2.24
2.47
3.1
3.2
3.87
4.5
4.18
4.2
4.09
4.02
4.29
2.81
1.88
1.97
2.06
2.26
2.42
2.82
2.69
2.51
2.57
2.29
2.18
2.17
2.19
2.36
2.85
3.45
3.31
3.19
2.61
2.51
2.11
1.79
1.83
1.85
1.85
1.81
1.93
2.07
2.28
2.59
2.24
2.5
2.53
2.27
2.14
2.09
2.16
2.2
2.68
3.48
3.38
3.36
2.62
2.26
2.0
1.78
1.76
1.75
1.8
1.77
1.97
3.34
3.66
2.98
2.88
2.79
2.55
2.08
2.17
2.18
2.31
2.41
2.64
3.1
3.61
4.51
4.42
4.24
3.94
3.8
3.8
2.74
1.7
1.71
1.78
2.02
2.58
2.56
2.59
2.49
2.42
2.02
2.0
2.02
2.02
2.27
3.11
4.18
4.64
5.06
4.55
4.27
4.0
3.87
3.88
2.85
1.81
1.83
1.88
2.41
2.65
2.28
2.46
2.18
2.27
2.37
2.22
1.97
2.08
2.54
3.31
3.72
4.19
4.56
4.33
4.1
3.96
3.82
3.82
2.82
1.79
1.8
1.93
2.11
2.58
2.64
2.7
2.99
3.07
3.0
2.89
2.75
2.45
3.0
3.52
4.0
4.4
4.74
4.65
3.86
3.84
3.78
3.76
2.65
1.59
1.67
1.75
2.07
2.71
2.69
3.0
3.02
2.72
2.34
2.16
2.09
2.13
2.58
3.29
4.03
4.49
4.81
4.17
3.76
3.75
3.77
3.77
2.72
1.69
1.71
1.73
1.82
2.03
2.3
2.6
2.77
2.44
2.08
1.92
1.92
1.99
2.06
2.39
3.41
3.01
2.83
2.51
2.05
1.93
1.95
1.92
1.92
1.94
1.93
1.93
1.93
1.83
1.19
1.71
1.87
2.03
1.87
1.74
1.6
1.53
1.83
2.75
3.25
3.86
3.48
2.55
1.89
2.02
1.96
1.94
1.82
1.94
1.98
1.81
1.99
2.28
2.47
2.44
2.64
2.9
2.84
2.56
2.67
2.81
2.89
3.63
4.58
5.96
5.42
4.77
4.64
4.17
4.12
3.09
2.05
2.05
2.06
2.06
2.35
3.25
3.56
3.51
3.47
3.25
2.68
2.64
2.62
2.79
2.89
2.94
4.53
5.94
5.05
4.48
4.36
4.18
4.03
3.05
2.01
2.01
2.01
2.02
2.16
2.62
2.71
2.79
2.48
2.39
2.16
2.13
2.12
2.23
2.29
2.73
4.34
5.79
5.22
4.52
4.27
4.06
3.93
2.94
1.92
1.92
1.96
1.99
1.99
2.6
2.96
2.89
2.48
2.27
2.03
2.04
2.25
2.48
2.77
3.06
4.45
5.8
5.14
4.39
4.19
4.19
4.12
3.09
2.06
2.06
2.06
2.06
2.24
3.15
3.11
3.11
3.06
2.69
2.68
2.76
2.35
2.33
2.33
2.65
3.9
5.21
4.94
4.21
4.22
4.16
4.18
3.18
2.12
2.06
2.12
2.12
2.12
2.12
2.42
2.74
2.63
2.51
2.17
2.16
2.13
2.21
2.22
2.51
2.86
3.18
3.38
2.58
2.05
1.99
2.05
2.05
2.05
2.06
2.05
2.05
2.37
2.5
2.45
2.42
2.43
2.65
2.56
2.32
2.06
2.13
2.37
2.79
3.31
3.65
2.78
2.54
2.02
1.98
1.9
1.9
1.9
1.9
1.9
1.91
2.31
3.39
3.31
3.71
3.51
3.09
2.55
2.22
2.0
1.98
2.09
2.48
3.91
5.66
5.03
4.31
4.05
3.93
3.9
2.88
1.82
1.82
1.84
1.92
2.93
3.15
2.89
2.6
2.3
2.29
1.84
1.84
1.85
1.84
2.03
2.36
3.93
5.14
4.96
4.28
4.09
3.88
3.92
2.9
1.85
1.86
1.85
1.84
2.67
3.51
3.11
3.02
2.68
2.61
2.38
2.37
2.37
2.19
2.76
3.29
4.22
5.43
4.87
4.41
4.21
3.92
3.78
2.75
1.72
1.72
1.81
1.86
1.98
3.12
3.21
3.27
3.14
3.08
2.55
2.45
2.41
2.42
2.48
2.92
4.29
5.62
5.28
4.57
4.26
3.97
3.84
2.77
1.74
1.8
1.82
1.9
2.71
3.19
3.3
3.71
3.57
3.12
2.57
2.54
2.5
2.27
2.32
2.37
3.57
4.85
4.62
4.13
4.03
3.93
3.68
2.64
1.61
1.63
1.79
1.82
1.82
1.89
2.66
3.25
3.16
3.0
2.91
2.2
1.93
2.0
2.04
2.35
2.77
2.95
2.97
2.45
2.1
1.82
1.64
1.59
1.57
1.54
1.53
1.53
1.61
1.64
2.09
2.9
3.06
2.97
2.45
2.13
1.92
2.05
2.08
2.14
2.64
3.21
3.04
2.44
2.07
1.71
1.57
1.55
1.51
1.59
1.6
1.58
1.71
2.17
2.68
2.92
3.4
3.37
2.99
2.44
2.78
2.83
2.63
2.65
3.77
5.1
4.99
4.12
3.86
3.82
3.78
2.73
1.67
1.67
1.8
1.84
2.15
2.52
3.03
3.03
3.07
2.61
2.23
2.08
1.96
2.15
2.07
2.37
3.55
5.14
5.28
4.46
4.09
3.91
3.79
2.78
1.74
1.74
1.77
1.85
3.05
3.18
3.02
2.61
2.36
2.12
2.2
2.18
2.2
2.1
2.17
2.32
3.6
5.23
4.96
4.09
3.9
3.79
3.78
2.73
1.72
1.7
1.72
1.8
2.9
3.8
4.06
3.33
2.67
2.76
2.45
2.56
2.6
2.21
2.32
2.58
3.66
5.45
5.31
4.62
4.16
4.03
3.96
2.92
1.88
1.9
1.88
1.87
1.96
2.54
3.0
3.31
3.07
2.99
3.03
3.17
3.0
2.59
2.61
2.45
3.64
4.96
5.12
4.65
4.31
4.19
4.04
3.07
1.98
2.01
2.04
2.05
2.1
2.29
3.01
3.43
3.41
3.88
3.86
3.58
2.71
2.65
3.08
2.9
3.03
3.02
2.99
2.73
2.53
2.28
2.32
2.32
2.28
2.27
2.28
2.28
2.3
2.31
2.44
2.65
3.19
3.13
2.99
2.99
2.95
2.49
2.73
2.77
2.81
3.5
3.64
2.69
2.27
2.27
2.25
2.23
2.19
2.18
2.19
2.22
2.57
3.3
3.93
4.39
4.71
4.34
3.7
3.42
2.97
3.14
3.12
3.43
4.6
5.8
5.43
4.37
4.22
4.23
3.92
2.89
1.87
1.91
1.9
1.96
2.78
3.51
3.26
3.01
2.69
2.46
2.29
2.14
2.1
2.02
2.16
2.27
3.67
5.09
5.05
4.51
4.04
3.93
3.87
2.86
1.81
1.81
1.86
1.99
2.47
3.39
3.32
2.7
2.01
2.18
2.0
2.01
1.98
2.05
2.12
2.59
3.67
4.89
4.57
4.02
3.84
3.82
3.81
2.82
1.81
1.88
1.89
2.42
2.85
3.23
2.52
2.45
2.34
2.02
2.23
2.3
2.02
2.52
2.72
2.59
3.76
4.75
4.9
4.26
4.05
4.02
4.1
3.08
2.06
2.05
2.05
2.07
2.14
2.99
3.06
2.7
2.66
2.54
2.48
2.38
2.21
2.34
2.41
2.62
3.81
5.37
5.34
4.67
4.63
4.11
4.09
3.05
1.98
1.8
1.8
1.83
1.94
1.99
2.11
2.28
2.31
2.26
2.15
2.14
2.13
2.2
2.31
2.43
2.44
3.18
3.0
2.17
2.08
2.09
2.1
2.14
2.1
1.88
1.87
1.87
1.9
2.01
2.12
2.23
2.35
2.46
2.57
2.69
2.8
2.91
3.02
3.14
3.25
3.79
3.41
2.86
2.2
2.08
1.82
1.85
1.8
1.79
1.79
1.84
2.52
3.3
3.14
2.9
3.19
2.76
2.37
2.34
2.35
2.23
2.31
3.01
4.27
5.61
5.41
4.36
4.12
4.03
3.82
2.85
1.83
1.82
1.82
1.95
2.28
2.97
3.21
3.44
3.65
3.36
2.71
2.56
2.18
2.23
2.47
2.55
3.87
5.03
5.28
4.31
4.35
4.31
4.18
3.16
2.15
2.17
2.18
2.21
2.48
3.12
2.91
3.13
3.22
3.0
2.69
2.64
2.41
2.46
2.53
2.68
3.88
5.66
5.69
5.01
4.57
4.32
4.31
3.36
2.33
2.33
2.24
2.24
2.43
3.63
3.12
3.23
2.82
2.37
2.26
2.26
2.27
2.3
2.39
2.43
3.45
4.93
5.19
4.38
4.14
4.17
4.08
3.03
1.98
1.99
1.99
2.02
2.49
2.94
2.42
2.81
2.59
2.43
2.29
2.18
2.19
2.16
2.1
2.18
3.28
4.71
4.86
4.62
4.47
4.07
4.2
2.94
1.78
1.77
1.81
1.92
2.17
2.58
3.09
3.09
2.78
2.65
2.23
2.21
1.86
1.81
1.98
2.39
2.94
3.19
3.42
2.61
2.3
1.71
1.59
1.6
1.58
1.58
1.58
1.67
1.81
1.82
2.06
2.43
2.38
2.34
2.13
2.07
2.04
2.0
2.16
2.83
3.28
3.73
3.89
2.74
1.7
1.64
1.53
1.52
1.53
1.56
1.58
1.59
1.69
2.21
3.06
3.01
2.57
2.59
2.76
2.52
2.47
2.53
2.53
2.78
4.19
5.49
5.29
4.05
3.77
3.73
3.59
2.51
1.48
1.53
1.54
1.62
1.8
1.88
2.33
2.37
2.69
2.32
2.25
2.19
1.94
1.98
1.98
2.04
3.2
4.79
5.21
4.46
4.03
4.03
3.97
2.97
1.97
1.98
1.95
1.94
1.98
2.74
3.09
2.86
3.1
2.57
2.43
2.86
2.85
2.32
2.21
2.3
3.56
4.78
5.27
4.71
4.05
4.03
3.82
2.86
1.85
1.84
1.82
1.84
2.11
2.58
2.51
2.58
2.6
2.54
2.58
2.53
2.34
2.56
2.58
2.62
3.84
5.01
5.16
4.51
4.25
3.94
3.72
2.72
1.67
1.68
1.68
1.72
1.88
2.53
2.95
3.06
3.36
3.21
3.24
3.23
2.56
2.53
2.58
2.56
3.59
4.49
4.35
3.88
3.75
3.75
3.65
2.64
1.58
1.55
1.52
1.51
1.55
1.8
2.42
3.01
3.35
3.23
2.78
2.31
2.05
1.83
1.85
1.87
2.31
2.59
2.89
2.29
1.63
1.55
1.51
1.53
1.49
1.49
1.47
1.5
1.59
1.8
1.9
2.07
2.36
2.23
1.85
1.76
2.01
1.99
1.99
2.53
2.93
3.4
3.48
2.27
1.59
1.44
1.46
1.47
1.39
1.37
1.37
1.39
1.57
2.62
3.26
3.26
2.98
2.89
2.43
2.39
2.16
2.15
2.19
2.35
3.49
4.9
5.37
4.48
3.9
3.65
3.54
2.51
1.44
1.46
1.46
1.49
1.74
2.36
2.92
3.26
3.02
3.14
2.83
2.68
2.5
2.43
2.66
3.1
4.24
5.14
5.48
4.14
3.68
3.61
3.42
2.34
1.31
1.32
1.34
1.46
1.75
2.4
2.35
2.06
1.79
1.76
1.64
1.54
1.53
1.53
1.6
2.01
3.21
4.24
4.77
4.04
3.55
3.47
3.39
2.35
1.3
1.31
1.33
1.4
1.61
2.48
2.45
2.1
2.05
2.0
1.84
1.78
1.65
1.78
1.82
2.0
3.49
5.28
4.99
4.16
3.39
3.3
3.25
2.22
1.19
1.18
1.17
1.19
1.61
2.6
2.86
2.62
1.98
1.61
1.52
1.38
1.34
1.35
1.41
1.53
2.65
3.95
3.76
3.37
3.38
3.31
3.22
2.18
1.15
1.14
1.16
1.18
1.22
1.35
1.39
1.77
1.51
1.44
1.39
1.3
1.23
1.24
1.31
1.4
1.45
1.82
1.72
1.37
1.2
1.16
1.1
1.09
1.08
1.08
1.07
1.13
1.14
1.17
1.25
1.46
1.8
2.11
1.67
1.44
1.48
1.62
1.92
2.28
2.43
2.76
2.84
1.79
1.37
1.3
1.08
1.06
1.05
1.05
1.06
1.11
1.38
1.89
2.41
2.55
2.63
2.57
2.14
1.91
1.56
1.56
1.66
2.07
3.14
4.63
4.34
3.56
3.38
3.4
3.37
2.33
1.31
1.3
1.33
1.38
1.43
1.89
2.76
2.41
2.22
2.14
1.86
1.95
1.64
1.64
1.88
2.23
3.31
4.75
4.23
3.98
3.6
3.57
3.55
2.52
1.49
1.49
1.49
1.51
1.92
2.68
2.91
2.87
3.29
3.12
2.52
2.64
2.76
2.45
2.66
2.77
4.25
5.52
5.27
3.85
3.73
3.7
3.61
2.51
1.42
1.38
1.39
1.46
1.72
2.7
2.56
2.56
3.01
2.78
2.33
2.13
2.46
2.25
2.27
2.54
3.46
4.64
4.14
3.79
3.7
3.65
3.62
2.51
1.45
1.45
1.45
1.51
1.63
2.21
2.53
2.55
2.46
2.17
2.1
2.06
2.04
2.1
2.22
2.25
3.16
4.23
4.21
3.78
3.72
3.66
3.58
2.64
1.61
1.55
1.54
1.59
1.66
1.76
1.98
2.25
2.57
2.56
2.23
1.89
1.76
1.77
1.8
1.97
2.12
2.19
2.74
2.39
1.83
1.62
1.44
1.41
1.39
1.39
1.4
1.44
1.56
1.64
1.7
1.95
2.33
2.27
2.24
2.06
1.84
1.83
1.93
2.04
2.26
2.46
2.72
2.18
1.79
1.58
1.46
1.44
1.43
1.43
1.45
1.44
1.61
2.09
2.18
2.41
2.4
2.3
2.21
2.03
1.78
1.84
1.91
1.98
2.95
4.68
4.64
4.23
3.71
3.65
3.5
2.44
1.4
1.38
1.41
1.44
1.49
2.39
2.66
2.8
2.67
2.33
2.32
2.01
1.97
1.91
1.89
2.35
3.23
4.4
4.81
4.21
3.58
3.48
3.45
2.41
1.27
1.19
1.36
1.47
1.62
1.96
2.17
1.88
1.7
2.09
1.99
2.04
2.23
1.86
2.29
2.79
3.9
5.08
5.28
4.17
3.81
3.47
3.42
2.4
1.39
1.33
1.36
1.35
1.44
1.48
1.64
1.82
1.93
2.16
2.22
2.45
2.6
2.43
2.33
2.45
3.38
4.17
4.75
4.03
3.56
3.37
3.35
2.28
1.24
1.2
1.17
1.23
1.56
1.71
2.05
2.15
2.73
2.45
1.76
1.73
1.58
1.5
1.53
1.6
2.75
3.81
3.71
3.37
3.26
3.22
3.18
2.16
1.12
1.11
1.12
1.15
1.28
1.43
1.64
1.65
1.65
1.64
1.52
1.45
1.43
1.36
1.35
1.78
2.14
2.16
2.52
1.88
1.28
1.19
1.14
1.15
1.09
1.09
1.18
1.06
1.15
1.37
1.61
1.71
2.09
2.19
2.04
1.92
2.02
2.29
2.27
2.37
2.51
2.66
2.55
2.05
1.64
1.4
1.35
1.35
1.36
1.34
1.35
1.37
1.47
1.85
2.2
2.72
2.54
2.58
2.34
2.51
2.54
2.38
2.46
2.43
3.65
5.14
5.33
4.59
3.91
3.82
3.82
2.79
1.75
1.75
1.75
1.75
1.74
1.94
2.24
2.3
2.28
1.97
1.94
1.9
2.01
2.11
2.15
2.24
3.36
4.69
4.53
4.18
3.77
3.75
3.7
2.66
1.63
1.63
1.64
1.67
1.66
2.39
2.58
2.57
2.61
2.38
2.07
2.05
1.77
1.78
2.0
2.58
3.6
4.52
4.4
4.17
3.87
3.7
3.36
2.32
1.26
1.25
1.3
1.5
1.59
2.56
2.26
2.1
2.22
2.21
2.1
1.87
1.85
1.85
2.01
2.07
3.1
4.16
4.57
4.26
3.75
3.41
3.27
2.24
1.2
1.17
1.12
1.14
1.14
1.28
1.59
2.05
2.07
2.06
2.18
2.18
2.12
2.32
2.74
2.62
3.33
4.07
3.77
3.45
3.29
3.28
3.29
2.25
1.22
1.22
1.23
1.25
1.27
1.34
1.55
1.85
2.22
1.98
1.83
2.15
2.47
1.74
1.35
1.43
1.48
1.46
1.66
1.41
1.33
1.08
1.07
1.07
1.06
1.06
1.09
1.14
1.03
1.28
1.52
1.59
1.62
1.68
1.69
1.36
1.34
1.3
1.3
1.71
2.07
2.13
2.65
2.49
1.75
1.05
1.02
1.0
0.96
1.06
1.1
1.17
1.23
1.58
1.92
1.81
1.92
1.42
1.46
1.89
1.64
1.61
1.94
1.7
3.1
3.92
4.66
3.56
3.11
3.07
3.02
1.99
0.97
0.98
1.0
1.03
1.08
1.26
1.51
1.93
1.57
1.29
1.43
1.48
1.5
1.57
1.66
1.75
2.86
3.98
4.06
3.35
3.02
2.99
2.94
1.93
0.92
0.87
0.84
0.88
0.98
1.11
1.22
1.28
1.29
1.28
1.31
1.47
1.79
2.24
2.47
1.98
2.87
3.39
3.52
3.51
3.21
2.98
2.98
1.95
0.92
0.89
0.9
0.94
0.98
1.12
1.21
1.28
1.2
1.23
1.69
2.03
2.04
2.89
3.13
2.72
3.19
3.64
3.41
3.58
3.1
2.97
2.95
1.93
0.9
0.88
0.92
0.97
1.05
1.12
1.25
1.29
1.16
1.56
2.54
2.41
2.66
2.99
3.12
2.91
2.79
3.51
3.27
3.05
2.93
2.89
2.86
1.83
0.82
0.82
0.82
0.82
0.9
1.0
1.13
1.26
1.15
1.65
2.17
2.36
2.71
3.2
3.56
3.56
2.96
2.39
2.24
1.34
0.86
0.81
0.8
0.79
0.79
0.79
0.83
0.93
0.92
1.06
1.16
1.27
1.33
1.1
1.03
0.96
1.1
1.25
1.41
1.58
1.16
1.09
1.01
0.86
0.79
0.79
0.77
0.76
0.76
0.76
0.79
0.85
0.85
0.95
1.21
1.26
1.13
1.04
1.34
1.32
1.2
1.47
1.66
1.65
2.97
3.61
3.83
3.39
3.01
2.86
2.85
1.83
0.79
0.76
0.75
0.85
0.96
0.96
1.15
1.21
1.09
0.98
1.34
2.0
2.28
2.59
2.74
2.51
3.09
3.48
3.46
3.29
2.96
2.94
2.97
2.04
0.78
0.79
0.78
0.82
0.86
1.37
1.69
1.64
1.59
1.46
1.06
1.7
2.42
3.03
2.82
2.35
3.34
3.38
3.27
3.02
2.9
2.88
2.75
1.71
0.68
0.68
0.68
0.69
0.71
0.86
1.4
1.5
1.11
1.01
0.96
1.14
1.1
1.59
1.76
1.8
2.61
3.09
2.8
3.0
2.84
2.67
2.63
1.6
0.57
0.57
0.57
0.57
0.6
1.08
1.08
0.84
1.04
1.34
1.36
1.22
1.06
1.56
1.14
1.14
1.86
2.76
2.74
2.68
2.62
2.61
2.6
1.56
0.54
0.53
0.53
0.53
0.56
0.7
0.74
0.72
0.69
0.67
0.96
0.75
0.9
1.15
1.58
1.62
1.26
0.85
0.67
0.8
0.58
0.55
0.58
0.59
0.59
0.63
0.65
0.62
0.61
0.62
0.7
0.8
0.86
0.76
0.8
0.76
0.69
0.81
1.01
1.09
1.19
0.83
0.81
0.77
0.77
0.73
0.77
0.83
0.87
0.94
1.02
1.01
1.05
1.22
1.41
1.39
1.4
1.44
1.35
1.26
1.55
1.91
2.8
2.71
3.37
4.44
4.02
3.61
3.56
3.55
3.59
2.56
1.47
1.52
1.49
1.47
1.57
1.7
1.8
1.89
1.94
2.2
2.39
3.05
2.88
3.01
2.75
3.05
3.8
4.5
4.13
3.58
3.44
3.39
3.32
2.28
1.24
1.23
1.21
1.24
1.25
1.38
1.55
1.62
1.67
1.55
1.48
1.87
1.72
1.57
1.85
1.54
2.56
3.58
4.01
3.6
3.27
3.2
3.14
2.12
1.08
1.03
1.02
1.07
1.13
1.27
1.74
1.85
1.96
1.3
1.17
1.12
1.12
1.15
1.43
1.53
2.55
3.57
3.45
3.03
3.02
2.97
2.9
1.85
0.82
0.82
0.8
0.78
0.83
1.02
1.08
1.31
1.92
1.27
1.29
1.37
1.55
1.85
2.25
2.42
3.0
3.96
4.0
3.84
3.49
3.0
2.92
1.86
0.82
0.82
0.82
0.83
0.9
0.93
1.2
1.73
1.64
1.92
1.77
1.66
1.67
1.47
1.72
1.97
1.74
1.74
1.96
1.85
1.62
1.33
0.9
0.88
0.89
0.89
0.88
0.85
0.86
0.89
1.19
1.15
1.09
1.37
1.35
1.3
1.3
1.3
1.35
1.48
1.45
1.4
1.31
1.17
1.11
1.02
0.83
0.79
0.79
0.81
0.78
0.82
0.84
1.0
1.19
1.11
1.22
1.25
1.15
0.95
0.94
1.44
1.69
1.48
2.44
3.44
3.39
3.41
2.98
2.86
2.81
1.75
0.71
0.73
0.73
0.73
0.73
0.77
0.98
1.19
1.25
1.11
1.21
1.28
1.43
2.0
2.02
2.11
2.67
3.32
3.35
3.28
3.13
2.94
2.88
1.85
0.83
0.79
0.8
0.8
0.85
0.92
1.14
1.29
1.35
1.64
1.92
1.99
2.61
3.04
3.35
3.3
3.81
4.43
4.34
3.81
3.44
2.87
2.83
1.82
0.78
0.79
0.77
0.76
0.78
0.9
1.36
1.06
1.21
1.24
1.23
2.21
2.3
2.66
2.64
2.85
3.46
3.55
3.21
3.01
2.93
2.85
2.82
1.79
0.77
0.77
0.77
0.78
0.79
1.41
2.0
1.99
1.61
1.42
1.76
2.2
2.23
2.33
2.64
2.19
2.42
3.38
2.99
2.96
2.9
2.86
2.78
1.75
0.72
0.7
0.7
0.7
0.7
0.75
0.77
0.79
0.89
0.89
0.93
0.87
0.95
1.61
2.11
2.33
2.15
1.12
1.02
0.95
1.4
0.78
0.68
0.69
0.69
0.67
0.67
0.67
0.67
0.7
0.74
0.76
0.85
0.87
0.91
0.82
0.91
1.61
1.77
1.74
1.61
1.11
0.99
0.93
0.69
0.68
0.65
0.67
0.67
0.68
0.68
0.65
0.67
0.75
0.72
0.75
0.94
0.91
1.33
1.52
1.95
2.27
2.53
2.2
2.87
3.28
2.78
2.75
2.78
2.75
2.69
1.65
0.62
0.62
0.64
0.69
0.7
0.67
0.7
0.79
0.82
0.83
1.19
2.03
2.5
2.76
2.73
2.43
2.95
3.15
2.77
2.73
2.71
2.71
2.69
1.68
0.65
0.65
0.63
0.63
0.62
0.69
1.43
1.05
0.77
1.14
1.39
1.63
2.19
2.39
2.39
1.84
2.56
2.86
2.74
2.69
2.69
2.68
2.68
1.65
0.62
0.62
0.62
0.62
0.61
0.65
0.71
0.68
0.78
0.79
1.13
1.5
1.91
1.8
1.69
1.69
2.65
3.82
3.92
3.85
3.56
2.75
2.69
1.66
0.63
0.62
0.62
0.65
0.65
0.67
0.71
0.71
0.85
0.86
1.07
1.63
2.14
2.78
3.1
2.5
2.6
3.24
2.79
2.79
2.73
2.69
2.68
1.65
0.63
0.63
0.64
0.7
0.62
0.66
0.77
0.81
0.86
0.95
0.98
0.75
0.89
1.33
1.74
1.88
1.66
0.91
0.63
0.62
0.62
0.61
0.61
0.61
0.61
0.61
0.6
0.61
0.69
0.72
0.76
0.81
1.34
1.01
0.82
0.74
1.06
1.03
1.72
1.96
1.53
1.23
0.84
0.63
0.62
0.61
0.62
0.61
0.61
0.61
0.61
0.6
0.59
0.65
0.77
0.76
0.8
0.77
1.11
1.62
1.89
1.91
2.7
2.4
3.06
3.28
3.17
2.88
2.67
2.66
2.66
1.62
0.59
0.59
0.59
0.59
0.59
0.68
0.64
0.64
0.71
0.98
1.01
1.63
1.66
1.66
1.66
1.66
1.69
2.7
2.71
2.69
2.68
2.66
2.67
1.63
0.61
0.61
0.61
0.61
0.61
0.67
0.67
0.76
0.86
1.31
2.05
1.94
1.93
2.17
2.13
2.52
3.28
4.13
3.55
3.28
3.19
2.98
2.84
1.74
0.69
0.69
0.7
0.72
0.75
0.79
0.81
0.87
0.91
1.03
1.07
1.42
1.78
2.14
2.19
2.62
3.24
3.79
3.62
2.9
2.76
2.71
2.68
1.65
0.62
0.62
0.61
0.62
0.62
0.64
0.65
0.99
1.81
2.19
2.43
2.48
2.51
2.4
2.03
1.32
1.87
2.87
2.83
2.73
2.71
2.71
2.69
1.65
0.62
0.62
0.61
0.62
0.64
0.7
0.72
0.81
0.87
0.88
0.87
0.86
0.94
0.94
1.29
1.55
1.4
1.14
0.88
0.87
0.84
0.71
0.62
0.62
0.6
0.63
0.63
0.64
0.66
0.7
0.73
0.76
0.82
0.83
0.84
0.84
0.84
0.86
1.33
1.31
1.22
1.05
0.88
1.01
0.75
0.63
0.64
0.64
0.64
0.63
0.64
0.63
0.61
0.65
0.72
0.76
0.78
0.79
0.82
1.23
1.56
1.97
2.31
2.22
2.87
3.2
2.9
2.81
2.73
2.73
2.71
1.68
0.65
0.63
0.63
0.63
0.64
0.66
0.72
0.76
0.78
0.82
1.44
1.78
2.29
2.57
2.79
2.76
3.81
4.55
4.19
3.47
2.74
2.7
2.69
1.66
0.65
0.65
0.65
0.64
0.65
0.7
0.69
0.79
0.84
1.29
1.84
2.71
3.3
3.32
3.58
3.12
3.78
3.85
3.01
2.78
2.71
2.69
2.67
1.65
0.61
0.61
0.6
0.61
0.63
0.65
0.68
0.63
0.82
0.85
1.46
2.44
2.73
2.09
2.34
2.06
2.31
2.93
2.87
2.71
2.67
2.67
2.66
1.63
0.61
0.61
0.61
0.61
0.61
0.63
0.64
0.65
0.72
0.76
1.56
1.83
1.97
2.25
2.28
1.28
1.88
2.93
2.91
2.81
2.78
2.72
2.73
1.7
0.66
0.66
0.66
0.67
0.64
0.69
0.73
0.72
0.83
0.86
0.87
0.88
0.94
0.97
1.06
1.09
1.33
1.33
1.31
1.15
0.74
0.7
0.69
0.75
0.74
0.69
0.72
0.73
0.64
0.71
0.71
0.76
0.85
0.84
0.93
0.9
1.39
1.47
1.48
1.65
1.22
1.0
0.94
0.92
0.88
0.88
0.82
0.79
0.78
0.79
0.79
0.85
0.81
0.84
0.83
0.85
1.01
1.08
1.39
1.77
2.39
2.65
2.9
2.83
3.36
3.94
3.18
3.0
2.98
2.83
2.8
1.75
0.69
0.68
0.73
0.63
0.78
0.77
0.79
0.83
0.93
0.93
0.88
1.8
2.3
3.07
3.22
3.09
3.58
3.47
3.1
3.04
2.86
2.85
2.85
1.79
0.77
0.77
0.77
0.79
0.76
0.75
0.76
0.8
0.9
0.89
0.9
1.85
2.43
2.67
3.32
2.52
3.15
3.16
3.07
2.91
2.82
2.81
2.77
1.74
0.69
0.69
0.8
0.88
0.76
0.73
0.88
0.82
0.83
0.87
0.97
1.54
2.54
2.77
3.06
2.86
3.18
3.31
3.1
3.13
2.78
2.78
2.76
1.73
0.7
0.7
0.7
0.67
0.7
1.0
1.4
1.47
1.81
2.06
2.49
2.61
2.74
3.61
3.48
2.88
3.91
3.88
3.4
3.01
2.9
2.88
2.8
1.73
0.7
0.7
0.7
0.7
0.73
0.79
1.01
1.34
1.21
1.95
2.57
3.08
3.47
3.61
3.08
2.08
1.4
0.95
0.91
0.9
0.7
0.69
0.67
0.67
0.67
0.66
0.66
0.67
0.67
0.69
0.7
0.73
1.67
2.26
2.22
1.9
1.67
2.11
2.33
2.45
2.52
1.91
1.58
1.03
0.67
0.66
0.65
0.64
0.63
0.62
0.62
0.62
0.62
0.65
0.71
0.75
0.91
1.52
1.56
2.22
2.75
3.04
3.09
2.51
2.59
3.31
3.06
2.96
2.76
2.74
2.74
1.71
0.68
0.66
0.64
0.65
0.63
0.66
0.82
0.97
1.01
0.93
0.97
2.04
1.98
1.79
1.96
1.5
2.33
2.88
2.86
2.77
2.76
2.73
2.72
1.66
0.65
0.64
0.67
0.68
0.71
0.7
0.73
0.69
0.77
0.84
0.86
0.97
1.73
2.33
3.2
2.37
2.8
3.28
2.98
3.2
2.71
2.7
2.69
1.66
0.63
0.63
0.63
0.63
0.62
0.58
0.62
0.63
0.79
0.81
0.85
1.22
2.42
2.94
3.13
3.27
2.83
3.29
3.04
2.88
2.71
2.71
2.73
1.69
0.66
0.67
0.66
0.66
0.65
0.67
0.68
0.68
0.88
1.41
1.92
3.37
3.93
4.02
4.05
4.11
4.3
4.11
3.52
3.35
3.07
3.06
2.78
1.71
0.68
0.75
0.68
0.68
0.67
0.69
0.7
0.71
0.83
1.01
1.75
2.32
2.97
3.39
3.41
2.85
2.02
1.18
0.91
0.83
0.72
0.66
0.64
0.65
0.68
0.67
0.65
0.65
0.65
0.66
0.69
0.71
0.85
0.88
0.88
1.0
1.18
1.91
2.42
2.46
1.83
1.14
1.12
1.0
0.7
0.7
0.67
0.66
0.7
0.68
0.65
0.65
0.65
0.7
0.64
0.93
1.13
1.36
2.42
3.0
3.7
3.77
3.74
4.17
3.91
3.48
3.07
3.02
2.83
2.79
2.79
1.78
0.75
0.75
0.73
0.73
0.72
0.74
0.73
0.82
1.08
1.38
1.73
2.12
3.56
3.82
3.66
3.64
3.56
3.64
3.41
2.84
2.83
2.77
2.79
1.71
0.65
0.64
0.65
0.64
0.65
0.64
0.68
0.68
0.76
1.08
1.55
2.07
2.65
3.26
3.43
3.47
3.65
3.26
2.74
2.97
3.09
2.66
2.64
1.61
0.58
0.58
0.58
0.59
0.61
0.63
0.71
0.66
0.79
1.21
1.44
2.88
3.19
3.19
3.16
2.41
2.91
3.8
3.75
3.46
3.03
2.66
2.7
1.62
0.58
0.58
0.58
0.59
0.6
0.61
0.61
0.64
1.0
1.04
1.25
1.75
2.45
3.01
2.86
2.16
1.96
2.77
2.75
2.87
2.84
2.65
2.65
1.61
0.58
0.58
0.58
0.58
0.61
0.65
0.62
0.6
0.68
1.12
1.79
2.02
2.04
2.07
2.1
2.3
1.47
1.09
0.91
0.66
0.6
0.58
0.55
0.55
0.55
0.55
0.55
0.57
0.58
0.62
0.61
0.63
0.97
1.1
1.02
0.93
0.99
1.19
1.75
2.1
1.78
1.01
0.9
0.75
0.58
0.56
0.56
0.56
0.56
0.55
0.55
0.56
0.56
0.59
0.58
0.65
1.01
1.49
1.5
1.51
1.91
2.44
2.22
1.79
2.31
3.0
3.01
2.69
2.61
2.61
2.6
1.57
0.54
0.54
0.53
0.55
0.55
0.6
0.58
0.56
0.66
0.67
0.97
1.01
1.55
2.11
2.17
1.81
2.29
2.7
2.67
2.65
2.61
2.61
2.58
1.56
0.52
0.52
0.51
0.52
0.55
0.55
0.53
0.54
0.65
0.73
0.9
1.36
1.9
2.69
2.75
2.45
3.0
3.11
3.06
2.58
2.54
2.54
2.54
1.51
0.48
0.48
0.47
0.47
0.49
0.49
0.48
0.5
0.58
0.63
0.8
1.23
1.53
2.07
2.71
2.54
3.05
2.72
2.78
2.72
2.58
2.57
2.57
1.54
0.51
0.52
0.51
0.51
0.5
0.52
0.52
0.54
0.61
0.63
1.03
1.7
2.14
2.47
2.49
3.06
2.78
2.59
2.72
2.82
2.73
2.57
2.55
1.52
0.49
0.49
0.49
0.49
0.56
0.51
0.53
0.53
0.6
0.82
1.31
2.03
2.7
3.34
2.78
2.57
2.4
1.24
0.92
0.68
0.54
0.52
0.53
0.54
0.57
0.56
0.56
0.55
0.55
0.58
0.58
0.58
0.64
0.64
0.63
0.58
0.84
1.34
1.91
2.4
1.65
0.9
0.73
0.52
0.52
0.52
0.5
0.5
0.5
0.49
0.49
0.49
0.49
0.52
0.54
0.52
0.61
0.62
0.65
0.96
1.98
2.73
3.04
2.97
2.85
2.89
2.57
2.56
2.55
2.55
2.54
1.51
0.48
0.48
0.48
0.48
0.48
0.49
0.52
0.5
0.61
0.63
0.77
1.41
1.78
2.98
3.59
2.88
3.52
3.3
2.79
2.52
2.53
2.52
2.52
1.49
0.45
0.45
0.45
0.45
0.45
0.47
0.57
0.74
0.63
0.85
1.13
1.46
1.78
2.69
2.87
3.0
3.5
3.98
3.63
2.74
2.52
2.51
2.5
1.48
0.44
0.45
0.47
0.47
0.47
0.5
0.5
0.53
1.88
2.45
2.25
2.45
3.29
3.01
2.8
2.07
1.76
2.66
2.86
2.76
2.57
2.54
2.54
1.51
0.47
0.47
0.46
0.46
0.46
0.49
0.48
0.48
1.44
2.11
2.35
3.25
3.45
3.43
3.31
1.98
2.92
3.24
3.0
2.62
2.54
2.53
2.56
1.53
0.49
0.5
0.49
0.49
0.49
0.5
0.53
0.57
0.66
0.65
0.88
2.0
1.89
1.74
2.11
1.58
0.71
0.59
0.57
0.55
0.53
0.55
0.56
0.55
0.49
0.56
0.52
0.51
0.5
0.55
0.61
0.63
0.69
0.87
1.43
2.06
2.65
3.63
3.85
3.63
2.76
1.72
1.52
0.78
0.72
0.69
0.63
0.61
0.6
0.6
0.6
0.61
0.65
0.68
0.74
0.69
0.8
1.13
1.94
2.49
2.54
2.59
2.87
2.6
2.61
3.13
2.86
2.78
2.68
2.68
2.65
1.61
0.58
0.58
0.58
0.58
0.58
0.65
0.63
0.64
0.74
0.76
1.33
1.97
2.17
2.7
3.06
2.57
2.51
3.35
3.41
2.91
2.65
2.61
2.61
1.58
0.55
0.55
0.55
0.56
0.64
1.35
1.11
0.76
0.74
0.78
0.81
1.11
1.57
2.06
2.18
1.98
2.15
2.78
2.75
2.75
2.7
2.66
2.66
1.63
0.59
0.62
0.63
0.64
0.68
0.72
0.74
0.75
0.84
0.87
0.96
1.77
2.58
2.58
3.04
2.91
3.17
3.06
2.78
2.72
2.67
2.65
2.64
1.61
0.58
0.57
0.57
0.56
0.57
0.59
0.62
0.61
0.69
0.72
1.39
1.9
2.52
3.15
3.16
2.66
3.03
3.04
2.78
2.74
2.7
2.66
2.65
1.62
0.58
0.58
0.58
0.58
0.58
0.6
0.65
0.68
0.75
0.75
1.02
1.01
1.44
1.57
2.0
1.54
0.9
0.97
0.81
0.58
0.58
0.57
0.57
0.57
0.57
0.57
0.57
0.57
0.57
0.59
0.62
0.64
0.72
0.73
0.72
0.89
1.05
1.16
1.63
1.84
1.55
1.5
1.38
0.74
0.56
0.56
0.57
0.6
0.59
0.58
0.58
0.57
0.61
0.73
0.81
0.98
1.06
1.11
1.04
1.31
1.83
2.04
2.07
1.57
2.43
2.92
2.89
2.85
2.75
2.58
2.75
1.68
0.61
0.61
0.63
0.7
0.76
0.8
0.83
0.82
0.91
0.91
0.87
0.86
1.23
1.84
1.93
1.74
2.24
3.05
2.93
2.9
2.87
2.82
2.72
1.68
0.64
0.66
0.66
0.66
0.68
0.72
0.78
0.74
0.84
0.94
1.23
2.07
2.64
3.0
3.88
3.62
3.83
3.58
3.22
2.93
2.78
2.75
2.73
1.7
0.67
0.65
0.66
0.67
0.75
0.97
1.17
1.31
1.15
1.2
1.58
1.74
2.69
3.08
3.41
2.85
3.09
3.77
3.31
2.91
2.86
2.78
2.72
1.7
0.66
0.66
0.68
0.72
0.85
0.98
1.06
1.04
1.03
1.33
1.98
2.58
3.38
3.84
4.07
4.12
3.31
3.77
3.38
3.03
2.87
2.72
2.72
1.69
0.65
0.65
0.64
0.65
0.64
0.65
0.65
0.65
0.76
0.76
0.97
1.22
1.7
2.61
2.83
2.6
1.45
0.83
1.0
0.71
0.61
0.58
0.58
0.58
0.58
0.58
0.58
0.57
0.57
0.6
0.63
0.63
0.69
0.73
0.73
0.9
1.16
2.06
2.5
2.37
1.58
1.37
1.16
0.84
0.9
0.56
0.55
0.54
0.54
0.54
0.55
0.55
0.7
0.94
0.67
0.68
0.82
0.97
1.48
2.0
2.91
3.08
3.64
3.47
3.73
3.74
3.15
2.85
2.8
2.69
2.68
1.63
0.58
0.61
0.61
0.64
0.64
0.66
0.67
0.68
0.81
0.88
0.87
1.13
1.7
2.53
2.75
2.77
2.71
3.32
2.9
2.77
2.78
2.72
2.72
1.68
0.65
0.65
0.65
0.68
0.72
0.73
0.89
0.67
0.76
0.81
1.19
1.73
2.31
2.67
2.8
2.49
2.24
3.06
2.98
2.72
2.68
2.67
2.66
1.63
0.6
0.6
0.6
0.61
0.76
1.6
1.74
1.54
0.84
0.83
1.17
1.45
1.66
1.68
1.64
1.54
1.88
2.86
2.81
2.97
2.91
2.71
2.66
1.64
0.61
0.6
0.6
0.6
0.6
0.59
0.58
0.61
0.71
0.74
0.84
0.78
0.87
0.98
0.93
0.9
1.74
2.7
2.66
2.64
2.63
2.63
2.64
1.61
0.54
0.55
0.55
0.55
0.55
0.57
1.15
1.42
0.78
0.81
1.07
1.12
1.14
1.22
1.71
1.75
1.54
1.44
1.29
1.02
0.82
0.55
0.55
0.53
0.51
0.54
0.54
0.54
0.54
0.56
0.55
0.59
0.81
0.88
0.89
0.85
0.74
1.04
1.53
1.27
0.98
1.0
0.84
0.76
0.56
0.55
0.55
0.54
0.54
0.54
0.54
0.55
0.55
0.55
0.57
0.57
0.63
0.63
0.83
0.88
0.88
0.98
1.21
1.48
3.07
4.37
3.89
3.01
2.6
2.58
2.58
1.55
0.52
0.52
0.51
0.52
0.58
0.83
0.62
0.81
1.12
0.91
0.93
1.1
1.99
2.29
2.38
2.45
2.65
3.97
3.22
2.99
2.92
2.65
2.57
1.54
0.51
0.5
0.5
0.51
0.5
0.52
0.82
0.75
0.66
0.66
0.91
1.63
2.0
2.53
3.23
2.82
2.82
3.69
3.74
2.62
2.58
2.57
2.57
1.54
0.51
0.51
0.5
0.5
0.5
0.54
0.53
0.59
0.68
0.67
1.07
1.44
1.78
3.07
3.24
3.03
3.03
3.41
2.89
2.6
2.59
2.59
2.58
1.55
0.52
0.52
0.52
0.52
0.52
0.54
0.55
0.58
0.92
1.53
1.99
2.98
3.36
3.63
3.53
2.62
2.94
3.96
3.46
2.82
2.74
2.67
2.59
1.55
0.52
0.51
0.5
0.5
0.51
0.54
0.59
1.03
1.48
0.99
1.17
1.55
2.16
1.97
2.08
1.54
1.11
1.33
0.97
0.88
0.53
0.52
0.52
0.53
0.53
0.51
0.5
0.5
0.5
0.51
0.52
0.87
0.89
0.61
0.6
0.64
0.61
0.67
0.93
0.94
1.09
0.64
0.51
0.52
0.52
0.52
0.54
0.54
0.53
0.54
0.54
0.54
0.55
0.54
0.54
0.59
0.63
0.61
0.83
0.93
0.92
1.09
1.87
1.99
2.77
3.77
2.97
2.6
2.56
2.55
2.55
1.54
0.5
0.5
0.5
0.49
0.49
0.51
0.5
0.52
0.59
0.64
0.73
0.91
1.13
1.89
2.33
2.5
2.82
3.61
2.86
2.57
2.56
2.56
2.56
1.52
0.49
0.49
0.49
0.49
0.57
0.64
0.49
0.53
0.63
1.06
1.36
2.04
2.48
2.71
2.67
2.43
3.11
4.17
3.12
2.6
2.56
2.56
2.57
1.56
0.5
0.5
0.5
0.5
0.72
0.75
0.77
0.72
0.78
1.06
1.06
0.97
0.82
0.87
1.19
1.52
2.47
3.52
3.05
2.8
2.55
2.55
2.54
1.51
0.48
0.47
0.49
0.49
0.56
1.02
0.53
0.63
0.99
1.0
0.86
1.01
1.51
1.68
1.83
2.0
2.51
3.36
2.96
2.58
2.55
2.55
2.54
1.51
0.47
0.47
0.48
0.48
0.52
0.53
0.56
0.57
0.64
0.66
0.7
0.7
0.71
0.84
1.5
1.8
1.56
1.65
0.98
0.49
0.49
0.49
0.48
0.48
0.47
0.47
0.47
0.47
0.48
0.49
0.49
0.54
0.66
0.93
0.95
1.34
1.35
1.43
1.9
1.88
2.18
2.42
1.61
0.55
0.48
0.48
0.46
0.46
0.47
0.46
0.47
0.47
0.81
1.37
1.19
0.93
1.37
1.24
1.31
1.77
1.6
1.49
1.57
1.72
2.64
3.28
2.62
2.56
2.56
2.56
2.52
1.5
0.47
0.47
0.48
0.48
0.49
0.48
0.47
0.48
0.56
0.6
0.89
1.03
1.52
2.06
2.27
2.02
2.81
3.78
3.08
2.61
2.52
2.52
2.5
1.47
0.44
0.44
0.44
0.44
0.44
0.45
0.45
0.46
0.54
0.55
0.67
0.89
1.57
1.98
2.05
2.19
2.92
3.58
2.86
2.52
2.51
2.51
2.51
1.48
0.45
0.45
0.45
0.45
0.44
0.45
0.47
0.49
0.54
0.58
0.59
1.34
1.88
2.42
2.95
2.31
2.96
4.09
2.61
2.56
2.57
2.56
2.54
1.48
0.45
0.45
0.45
0.47
0.46
0.47
0.48
0.76
0.59
0.82
1.15
1.31
1.63
2.13
2.37
2.12
2.93
4.0
2.73
2.51
2.51
2.5
2.5
1.47
0.43
0.43
0.43
0.43
0.43
0.44
0.84
0.69
0.6
0.61
0.63
0.55
0.62
0.67
0.75
1.11
1.28
1.13
0.45
0.45
0.45
0.45
0.45
0.45
0.46
0.44
0.44
0.44
0.45
0.46
0.46
0.48
0.55
0.54
0.54
0.76
0.95
0.95
1.27
1.33
1.24
1.13
0.53
0.45
0.45
0.45
0.45
0.45
0.44
0.44
0.45
0.45
0.78
1.19
0.86
0.48
0.53
0.53
0.83
0.89
1.03
0.98
1.28
1.76
3.05
4.37
3.39
2.56
2.5
2.5
2.49
1.46
0.43
0.43
0.43
0.42
0.45
0.72
1.52
1.01
0.89
0.72
0.59
0.63
1.05
1.47
1.89
2.28
3.84
4.79
3.66
2.76
2.5
2.5
2.5
1.47
0.44
0.43
0.43
0.42
0.42
1.38
1.88
1.91
1.9
1.86
1.44
0.75
0.5
0.69
0.89
0.97
2.78
3.97
2.63
2.51
2.5
2.5
2.5
1.47
0.47
0.43
0.44
0.44
0.43
0.43
0.44
0.45
0.53
0.53
0.52
0.46
0.46
0.49
0.87
2.07
3.3
4.23
3.29
2.54
2.5
2.5
2.5
1.47
0.44
0.43
0.43
0.42
0.85
1.36
1.32
1.34
0.99
0.79
0.71
0.97
0.96
0.86
0.97
1.14
2.95
3.71
2.84
2.47
2.46
2.46
2.47
1.44
0.42
0.41
0.4
0.4
0.4
0.42
0.45
0.82
1.07
1.22
1.04
0.55
0.47
0.5
0.57
0.7
0.95
0.87
0.53
0.44
0.41
0.41
0.4
0.4
0.4
0.4
0.4
0.4
0.4
0.4
0.41
0.89
1.16
0.91
1.08
1.14
0.76
0.7
0.97
1.47
1.81
1.68
1.09
0.42
0.42
0.41
0.4
0.4
0.4
0.4
0.4
0.4
0.4
0.45
0.45
0.42
0.48
0.48
0.73
0.41
0.45
0.75
0.89
1.4
2.56
3.85
3.27
2.67
2.46
2.47
2.49
1.46
0.43
0.43
0.43
0.43
0.84
1.21
1.22
0.9
1.01
1.04
0.84
0.67
0.58
0.66
0.85
0.95
2.95
3.98
2.64
2.52
2.51
2.52
2.52
1.5
0.46
0.46
0.46
0.46
0.54
0.72
0.43
0.44
0.77
0.82
0.93
1.52
1.31
1.27
1.42
1.54
3.06
3.75
3.04
2.56
2.53
2.5
2.49
1.47
0.44
0.44
0.44
0.44
0.55
0.78
0.94
0.79
0.86
0.94
1.41
1.86
1.47
1.53
2.05
2.54
3.65
3.97
3.14
2.58
2.51
2.5
2.49
1.44
0.41
0.41
0.41
0.41
0.48
0.7
0.62
0.98
1.21
0.82
0.81
0.77
0.84
0.91
1.19
1.33
2.49
3.08
2.57
2.48
2.48
2.48
2.49
1.46
0.42
0.42
0.42
0.42
0.42
0.42
0.43
0.44
0.53
0.54
0.52
0.47
0.49
0.55
0.78
1.14
1.69
1.64
1.46
0.87
0.79
0.42
0.41
0.41
0.41
0.42
0.42
0.42
0.42
0.42
0.6
1.57
1.94
1.78
1.42
1.26
1.0
1.04
1.1
1.19
1.64
1.4
0.92
0.46
0.5
0.46
0.43
0.42
0.42
0.42
0.42
0.42
0.41
0.42
0.43
0.45
0.52
0.56
0.55
0.5
0.51
0.65
0.89
1.72
3.55
4.45
3.91
2.84
2.51
2.49
2.48
1.45
0.42
0.42
0.42
0.42
0.58
1.34
1.7
1.43
0.99
0.73
0.97
0.75
0.53
0.82
1.05
1.56
3.54
4.22
3.36
2.9
2.59
2.5
2.52
1.5
0.47
0.47
0.47
0.47
0.52
0.72
0.72
0.72
0.72
0.72
0.72
0.73
0.73
0.75
0.76
1.05
3.01
4.13
3.25
2.57
2.51
2.51
2.51
1.48
0.45
0.44
0.45
0.45
0.93
1.13
0.53
0.46
0.46
0.46
0.46
0.5
0.68
0.89
0.89
1.49
3.23
3.77
2.89
2.56
2.51
2.51
2.51
1.48
0.45
0.45
0.44
0.44
0.44
0.83
1.11
0.88
0.64
0.48
0.45
0.45
0.45
0.54
0.77
1.21
2.52
3.54
2.84
2.55
2.66
2.87
2.5
1.47
0.44
0.43
0.43
0.44
0.44
0.4
0.65
0.69
0.55
0.55
0.52
0.41
0.4
0.41
0.45
0.59
0.99
0.46
0.46
0.42
0.66
0.47
0.42
0.41
0.42
0.42
0.42
0.42
0.42
0.42
0.44
0.46
0.51
0.51
0.52
0.42
0.41
0.45
0.58
1.07
1.47
1.51
1.05
1.11
0.96
0.42
0.41
0.41
0.41
0.41
0.41
0.41
1.05
0.86
0.95
1.11
0.83
0.81
0.83
0.95
1.1
1.24
1.33
1.57
3.37
4.06
3.11
2.92
2.5
2.49
2.53
1.49
0.47
0.47
0.46
0.46
0.46
0.46
0.73
0.67
0.78
0.8
1.0
1.02
1.01
1.17
1.82
2.09
3.58
4.1
2.96
2.57
2.53
2.52
2.49
1.46
0.43
0.44
0.42
0.42
0.53
0.92
0.94
0.47
0.43
1.09
0.92
0.89
1.02
1.1
1.56
1.68
3.01
3.59
3.1
2.5
2.5
2.5
2.51
1.47
0.43
0.43
0.43
0.43
0.45
0.47
0.52
0.84
0.96
1.08
1.32
1.58
1.14
1.07
1.28
1.77
3.7
3.94
2.82
2.55
2.55
2.53
2.5
1.46
0.43
0.43
0.43
0.43
0.43
0.58
1.07
1.68
1.74
1.49
1.31
1.19
1.39
1.36
1.31
1.86
3.07
3.0
2.59
2.55
2.54
2.55
2.58
1.54
0.53
0.55
0.58
0.58
0.58
0.61
0.8
1.54
1.58
1.42
1.15
0.92
0.8
0.82
0.87
0.94
1.2
0.88
0.8
0.73
0.73
0.67
0.61
0.6
0.58
0.6
0.67
0.72
0.67
0.66
0.73
0.68
0.72
0.74
0.73
0.73
0.72
0.74
0.89
1.33
1.86
1.87
1.41
1.0
0.81
0.75
0.62
0.61
0.62
0.58
0.57
0.6
1.16
1.81
1.46
0.78
1.4
1.13
1.09
0.89
0.9
0.9
0.98
1.26
3.24
3.61
3.03
2.91
2.9
2.84
2.73
1.71
0.72
0.7
0.7
0.72
1.6
2.02
1.79
1.37
1.25
1.58
0.99
0.73
0.74
0.75
0.85
1.16
3.13
4.03
4.12
4.4
3.38
2.74
2.73
1.7
0.67
0.67
0.67
0.67
0.67
0.67
0.67
0.67
0.67
0.67
0.67
0.67
0.67
0.67
0.67
0.67
1.7
2.73
2.73
2.73
2.73
2.72
2.72
1.69
0.66
0.66
0.66
0.66
0.66
0.66
0.66
0.66
0.66
0.66
0.66
0.66
0.66
0.66
0.66
0.66
1.68
2.71
2.71
2.71
2.71
2.71
2.71
1.68
0.65
0.65
0.66
0.79
1.01
1.44
1.03
0.73
0.79
1.15
1.14
1.17
1.2
1.23
1.31
1.53
2.67
3.48
2.99
2.86
2.83
2.84
2.85
1.86
0.84
0.77
0.76
0.75
0.85
0.93
1.01
1.3
1.6
1.34
1.12
1.05
0.96
1.22
1.32
1.51
2.25
1.5
1.3
1.02
0.93
0.97
0.94
0.93
0.92
0.92
0.92
0.93
0.95
0.94
0.99
1.33
1.49
1.34
1.25
1.01
1.02
1.26
1.82
2.39
3.0
2.12
1.35
1.11
1.25
0.97
0.94
0.92
0.92
0.92
0.9
0.87
0.92
1.63
1.49
1.38
1.38
1.3
1.25
1.02
0.99
1.03
1.08
2.05
3.62
4.07
3.45
3.16
3.15
3.09
3.02
2.0
0.95
0.95
0.92
0.96
1.18
2.16
1.76
1.09
1.07
1.04
1.03
1.04
1.04
1.12
1.26
2.17
3.54
4.15
3.47
3.1
3.02
2.96
2.9
1.78
0.76
0.77
0.77
0.79
0.87
0.88
1.06
1.06
1.14
1.16
1.16
1.33
1.26
0.92
1.39
2.38
3.87
4.58
3.74
3.01
3.01
2.89
2.85
1.78
0.72
0.73
0.7
0.71
0.72
1.07
1.24
0.97
1.29
1.49
1.47
1.81
1.38
1.21
1.28
2.24
4.02
3.95
3.13
3.04
3.05
2.98
2.97
1.91
0.86
0.88
0.88
0.9
0.97
1.25
1.25
1.1
1.1
1.1
1.12
1.13
1.13
1.22
1.22
1.36
3.02
3.52
3.31
3.2
3.14
3.18
3.15
2.11
1.08
1.06
1.06
1.06
1.06
1.11
1.15
1.76
2.1
1.9
1.62
1.22
1.2
1.2
1.43
2.11
2.99
2.59
2.04
1.28
1.17
1.16
1.14
1.13
1.13
1.12
1.11
1.11
1.12
1.24
1.3
1.42
1.52
1.55
1.62
1.63
1.62
1.89
3.06
3.82
3.2
2.72
2.16
1.32
1.23
1.17
0.99
0.95
0.95
0.95
0.97
1.07
1.87
2.48
1.95
1.78
1.77
1.7
1.51
1.6
1.96
2.06
2.67
3.7
3.24
3.47
4.28
4.04
3.28
3.11
3.01
2.99
1.94
0.89
0.88
0.93
1.4
1.69
1.45
1.46
1.52
1.51
1.18
1.02
1.16
1.41
2.23
3.2
2.41
2.64
3.25
3.21
3.11
2.93
2.9
2.83
1.79
0.76
0.76
0.77
0.77
1.29
1.62
1.28
1.75
1.41
1.57
1.23
1.17
1.09
1.98
2.69
2.15
2.53
3.14
3.14
2.84
2.81
2.8
2.81
1.79
0.76
0.76
0.75
0.95
1.53
1.09
0.83
0.82
0.8
0.82
0.79
0.85
0.92
1.5
2.74
2.34
2.49
3.02
3.0
3.0
2.8
2.79
2.79
1.73
0.7
0.7
0.71
0.72
0.77
0.82
1.4
0.93
0.76
0.82
0.84
0.84
0.92
1.88
2.86
2.3
2.94
3.26
2.86
2.8
2.78
2.71
2.71
1.68
0.66
0.66
0.65
0.65
0.71
0.67
0.67
0.71
0.7
0.71
0.72
0.8
0.81
1.28
1.75
1.44
1.55
1.12
0.68
0.65
0.64
0.62
0.63
0.62
0.62
0.62
0.62
0.62
0.64
0.65
0.66
0.7
0.7
0.7
0.72
0.82
0.88
1.52
2.29
1.69
1.59
1.2
0.75
0.66
0.65
0.63
0.62
0.62
0.62
0.62
0.62
0.62
0.91
0.68
0.83
0.82
0.71
0.86
1.07
1.16
1.3
2.47
3.45
2.71
3.43
3.73
2.92
2.99
3.01
2.73
2.72
1.68
0.65
0.66
0.66
0.67
0.67
0.73
0.8
1.12
1.74
1.07
1.37
0.9
1.03
2.58
2.75
2.25
2.42
3.21
2.92
2.87
2.85
2.82
2.79
1.76
0.74
0.75
0.76
0.88
1.13
1.31
1.24
1.24
1.61
1.47
1.23
1.07
1.31
2.07
2.81
1.94
2.7
3.46
3.19
3.01
2.99
2.94
2.89
1.85
0.82
0.82
0.84
0.85
1.15
1.23
1.34
1.73
1.0
0.96
2.06
1.77
1.5
2.0
2.76
2.4
2.81
3.45
3.1
3.04
2.99
2.94
2.93
1.9
0.86
0.85
0.86
0.86
1.23
1.25
1.34
1.44
1.29
1.08
1.15
1.18
1.38
2.07
2.48
1.72
2.38
3.1
3.0
2.94
2.95
2.95
2.95
1.92
0.89
0.9
0.88
0.87
0.88
0.89
0.9
0.91
0.93
0.97
1.03
1.02
1.1
2.46
3.4
2.67
1.84
1.11
0.95
0.82
0.8
0.78
0.78
0.77
0.78
0.78
0.78
0.77
0.77
0.8
0.86
0.88
0.88
0.86
0.95
0.93
0.94
1.41
2.19
2.09
1.39
1.01
0.92
0.87
0.79
0.77
0.77
0.77
0.78
0.82
0.8
0.89
0.98
1.41
0.93
0.87
0.93
0.95
1.1
1.23
1.08
1.78
3.08
2.15
2.75
3.2
3.15
3.16
3.16
3.01
2.93
1.87
0.84
0.84
0.84
1.03
1.75
2.0
1.48
1.43
1.17
0.98
1.03
1.02
1.1
1.75
2.79
2.46
3.07
3.65
3.39
3.08
2.91
2.93
2.94
1.89
0.86
0.83
0.8
0.88
1.07
1.09
1.06
1.0
0.84
0.89
0.89
0.89
0.96
1.47
2.41
1.42
2.25
3.1
2.96
2.82
2.79
2.76
2.76
1.74
0.7
0.69
0.7
0.71
1.12
2.01
2.41
2.22
2.37
1.68
0.93
1.4
0.95
1.01
1.28
1.47
2.17
3.14
3.11
3.6
2.86
2.77
2.78
1.74
0.71
0.84
0.76
0.75
0.75
0.75
1.14
1.04
1.75
1.74
1.31
1.23
1.26
2.18
2.38
1.69
2.11
3.07
3.02
2.83
2.78
2.8
2.8
1.76
0.72
0.73
0.7
0.7
0.7
0.7
0.71
1.08
1.03
0.87
0.84
0.82
1.11
1.68
2.25
2.16
2.01
1.66
1.31
1.27
0.94
0.75
0.74
0.77
0.76
0.8
0.82
0.75
0.76
0.79
0.8
1.08
1.15
1.11
0.96
1.18
1.38
1.98
2.59
2.52
2.15
1.98
1.26
1.1
0.8
0.79
0.74
0.74
0.74
0.75
0.76
0.95
1.88
1.44
1.07
0.95
0.91
0.92
0.94
0.95
0.99
2.53
3.72
3.7
4.48
4.13
3.64
3.46
2.88
2.82
2.83
1.81
0.76
0.77
0.8
2.2
1.55
1.29
1.5
1.1
0.91
1.04
1.16
0.98
1.17
1.74
2.33
1.85
2.5
3.26
3.14
3.1
3.06
3.13
3.05
2.0
0.95
0.95
0.97
1.15
1.73
1.98
1.82
1.83
1.86
1.55
1.88
1.92
1.96
2.61
3.17
2.75
3.28
4.37
3.86
3.66
3.71
3.64
3.73
2.62
1.64
1.72
1.72
1.83
2.42
2.45
2.09
2.12
2.08
2.04
2.02
2.05
2.87
3.35
4.13
3.87
4.21
4.55
4.59
4.13
4.09
4.2
4.2
3.14
2.06
1.96
1.98
2.22
2.56
2.42
2.15
2.1
2.11
2.13
2.22
2.56
2.57
2.96
3.71
3.58
4.21
5.13
4.77
4.26
4.04
3.87
3.94
2.96
2.03
1.99
2.02
2.01
2.64
2.63
2.39
2.44
2.72
2.68
2.46
2.54
2.5
3.4
4.16
4.08
3.36
2.89
2.72
2.44
1.98
1.9
1.8
1.8
1.88
1.88
1.88
1.92
1.96
1.96
2.02
2.04
2.0
2.09
2.18
2.09
2.06
3.2
4.1
3.99
3.73
3.15
2.61
2.01
1.86
1.61
1.59
1.58
1.57
1.58
1.63
2.23
3.15
3.25
3.48
3.49
2.89
2.49
2.28
2.02
1.67
2.83
3.66
3.18
3.84
4.22
4.07
3.84
3.59
3.42
3.38
2.36
1.32
1.32
1.32
2.19
2.72
1.92
1.83
1.57
1.48
1.42
1.42
1.71
1.79
2.59
3.48
3.25
3.86
4.29
3.83
3.59
3.4
3.28
3.27
2.19
1.2
1.23
1.26
1.76
2.02
1.83
1.84
1.98
1.75
1.68
1.68
1.54
1.62
2.69
3.32
2.79
3.29
4.14
3.65
3.48
3.38
3.17
3.16
2.13
1.15
1.18
1.25
2.49
2.78
2.85
2.44
1.86
1.75
1.86
1.78
1.76
1.78
3.44
3.49
3.08
3.91
3.89
3.75
3.61
3.41
3.13
3.08
2.04
1.01
1.02
1.05
1.23
1.59
1.44
1.45
1.46
1.39
1.15
1.17
1.33
1.66
2.41
3.3
2.78
3.52
4.04
3.73
3.54
3.19
3.1
3.07
2.06
1.02
0.98
0.96
0.98
1.06
1.13
1.41
1.33
1.22
1.19
1.12
1.11
1.11
1.78
2.55
2.46
2.29
1.53
1.44
1.01
0.94
0.87
0.87
0.88
0.87
0.87
0.88
0.89
0.96
1.42
1.46
1.27
1.05
1.04
1.02
0.99
1.11
2.34
3.15
2.86
2.68
2.25
2.22
1.2
0.91
0.87
0.84
0.84
0.84
0.84
0.83
1.08
1.72
2.28
2.17
2.06
1.69
1.43
1.35
1.36
1.49
2.48
3.5
2.87
3.24
3.87
3.34
3.03
2.96
2.93
2.93
1.9
0.89
0.89
0.86
0.89
1.4
1.18
1.13
1.27
1.21
0.93
0.92
0.92
0.97
1.88
2.82
2.25
3.05
3.69
3.11
3.03
3.0
2.92
2.87
1.83
0.78
0.81
0.81
0.84
1.12
1.06
1.04
0.87
0.83
0.78
0.75
0.93
1.33
2.22
3.12
3.12
3.36
4.22
3.8
3.03
3.02
2.96
2.9
1.86
0.86
0.87
0.88
1.07
1.38
1.41
1.24
1.16
1.11
1.12
1.24
1.75
2.25
2.76
3.19
2.51
2.91
3.87
3.33
3.13
3.11
2.99
2.94
1.89
0.84
0.84
1.27
2.61
2.84
2.67
2.25
1.56
1.32
1.09
1.2
1.12
1.4
3.31
3.89
2.78
3.37
3.56
3.11
3.31
3.12
3.11
3.11
2.07
1.04
1.03
1.03
1.02
1.02
1.01
1.01
1.0
1.0
1.0
0.99
0.99
0.99
0.98
0.98
0.97
0.97
0.96
0.96
0.95
0.95
0.94
0.94
0.93
0.93
0.92
0.92
0.91
0.91
0.9
0.9
0.89
0.89
0.89
0.88
0.88
0.87
0.87
0.86
0.86
0.86
0.85
0.85
0.84
0.84
0.83
0.83
0.94
0.97
0.98
0.98
2.13
3.57
3.25
2.71
2.24
1.94
1.74
1.68
1.42
1.75
3.35
3.94
3.78
4.67
5.28
4.29
3.57
3.33
3.22
3.22
2.19
1.15
1.16
1.25
2.11
3.18
2.76
1.91
1.71
1.4
1.32
1.22
1.19
1.32
1.97
2.14
1.85
2.75
3.65
3.44
3.21
3.17
3.12
3.06
2.03
1.01
1.05
1.17
1.45
2.27
2.28
1.67
1.35
1.17
1.12
1.13
1.13
1.21
1.68
2.63
2.21
2.78
3.51
3.25
3.22
3.16
3.2
3.1
2.04
1.02
1.1
1.1
1.85
2.5
2.23
1.95
1.66
1.71
1.53
1.32
1.38
1.5
2.04
2.41
2.28
3.03
3.55
3.35
3.19
3.17
3.18
3.18
2.13
1.11
1.11
1.16
1.38
1.45
1.69
1.67
1.65
1.51
1.31
1.25
1.25
1.43
1.89
2.68
2.67
2.87
3.61
3.4
3.28
3.15
3.0
2.97
1.95
0.97
0.99
1.01
1.04
1.24
2.36
3.17
3.1
3.18
3.18
2.18
1.44
1.5
2.27
2.86
1.81
1.39
1.35
1.17
1.05
1.01
0.94
0.93
0.92
0.91
0.93
0.98
1.13
1.3
1.68
1.8
1.73
1.57
1.24
1.14
1.17
1.34
1.85
2.31
2.42
2.26
2.48
2.05
1.95
1.18
1.04
1.05
0.99
1.01
1.04
1.13
1.25
1.43
1.76
2.0
1.87
1.79
1.74
1.69
1.67
2.07
2.83
3.39
2.64
3.34
3.77
3.54
3.26
3.15
3.07
3.06
2.03
0.99
0.98
0.98
1.07
1.33
1.59
1.62
1.75
1.71
1.42
1.17
1.2
1.26
1.73
2.71
2.25
2.68
3.67
3.32
3.25
3.16
3.04
3.04
2.02
0.98
1.0
1.06
1.16
1.67
1.94
2.29
2.01
1.84
1.75
1.81
1.62
1.68
2.68
3.67
3.06
3.78
4.43
4.08
3.73
3.58
3.34
3.4
2.35
1.29
1.23
1.28
1.29
1.68
1.79
1.97
2.1
2.37
1.91
2.2
1.95
2.08
3.02
3.71
2.94
3.16
3.94
3.72
3.63
3.54
3.47
3.37
2.29
1.24
1.34
1.43
1.5
1.9
1.93
1.84
1.78
1.75
1.69
1.66
1.62
1.66
2.32
2.86
2.48
3.17
3.91
3.63
3.59
3.5
3.23
3.19
2.18
1.18
1.21
1.28
1.42
1.56
1.88
2.22
2.89
2.48
2.45
1.98
1.78
2.05
2.8
3.59
3.02
2.23
1.9
1.47
1.25
1.16
1.07
1.07
1.06
