22.11
20.73
18.52
20.7
22.36
21.26
27.8
18.79
17.72
20.17
20.16
20.8
20.4
20.58
15.61
11.82
9.36
8.77
11.09
10.56
9.63
11.64
11.91
16.78
21.08
25.16
25.16
27.34
27.13
26.05
26.65
27.21
26.1
25.6
25.2
24.62
24.81
23.89
24.11
24.26
23.29
23.22
20.7
20.36
18.65
18.03
17.11
16.05
13.14
17.38
15.99
19.19
15.33
17.15
22.27
24.89
26.53
24.53
25.09
24.02
24.17
24.16
22.55
23.26
22.82
21.79
21.81
19.69
18.72
16.47
14.04
19.54
16.07
23.0
14.0
4.39
20.98
14.8
20.68
20.14
8.63
25.66
26.42
10.98
24.03
21.93
10.75
13.1
13.08
9.12
20.56
14.0
12.36
24.46
15.21
13.97
22.64
6.16
13.89
23.62
10.7
25.62
16.71
33.37
32.82
33.01
31.45
30.22
28.77
28.3
23.29
20.9
18.12
16.67
12.06
10.31
6.45
3.94
5.23
6.57
9.14
9.6
9.75
10.44
10.88
11.69
10.65
10.09
10.04
9.79
9.44
9.26
8.98
9.24
8.31
6.58
10.13
11.68
10.87
9.62
9.13
10.03
10.83
10.77
11.51
12.4
10.99
11.69
12.17
10.32
10.78
9.78
10.34
11.07
10.3
9.98
9.44
7.16
4.93
2.97
2.49
2.36
2.48
2.23
2.27
2.2
2.28
2.37
2.09
1.89
2.57
2.69
3.11
3.13
3.75
5.49
7.37
8.31
9.99
10.38
11.95
13.48
15.44
17.52
19.42
18.36
19.74
19.48
19.53
18.79
20.98
20.25
18.79
17.39
14.45
15.32
14.64
11.29
10.31
13.79
13.27
11.11
9.65
9.1
9.71
10.94
9.75
11.43
6.13
4.22
5.19
5.79
10.51
12.76
10.35
10.53
9.62
11.18
12.98
9.2
10.79
14.54
14.9
14.08
17.55
18.42
22.33
26.16
27.79
28.17
28.72
29.19
30.15
32.44
31.66
32.44
33.42
35.12
34.42
34.94
35.76
33.95
31.48
32.28
34.22
34.9
34.96
34.53
34.44
33.72
33.39
33.07
31.7
30.96
31.25
29.8
31.17
31.19
29.92
30.19
29.55
29.16
26.53
26.22
25.17
25.52
22.79
22.31
16.63
13.93
11.09
8.69
6.51
5.67
4.74
4.15
3.19
3.1
2.76
3.16
3.69
5.73
6.81
8.83
9.66
9.56
11.97
13.27
18.46
26.3
25.9
23.06
20.56
16.93
25.51
30.59
31.55
31.95
31.5
33.13
33.77
34.02
34.44
34.24
34.59
35.0
34.86
35.5
33.93
31.03
30.09
28.76
28.35
28.59
25.37
21.09
19.44
20.05
18.09
13.25
11.83
10.31
13.03
12.06
17.7
20.14
21.51
24.29
25.15
25.68
24.03
22.77
23.66
21.8
20.03
21.32
21.84
17.5
18.41
19.75
18.52
14.65
8.56
6.56
5.13
6.13
5.0
6.43
5.71
5.48
5.11
6.31
8.93
11.44
11.9
12.6
12.26
9.17
10.89
7.51
5.65
4.75
3.74
4.21
5.02
6.36
8.25
16.45
21.79
20.15
23.49
26.47
26.81
25.52
26.5
25.63
24.43
24.62
24.31
22.79
17.81
7.33
5.11
8.46
12.34
6.46
3.42
5.55
9.4
10.46
12.98
13.82
13.16
14.5
17.61
15.06
12.24
10.72
8.4
7.65
7.05
5.48
4.46
6.34
9.85
11.26
18.5
14.02
10.12
11.78
16.52
18.65
14.94
11.01
10.8
10.66
13.09
21.77
21.31
22.73
24.76
25.11
25.02
25.27
23.55
25.26
26.75
27.81
28.77
29.2
29.95
31.45
32.78
34.43
34.94
34.95
35.0
35.33
35.23
35.62
36.11
35.99
35.77
35.77
35.57
35.96
36.52
36.16
36.82
36.96
37.41
36.9
36.51
36.26
34.96
34.97
32.96
32.97
34.42
35.81
35.81
35.93
35.91
35.82
35.69
35.9
35.76
34.72
34.12
34.22
34.25
33.16
34.32
33.67
33.02
33.23
33.49
32.48
29.88
28.13
26.63
27.9
26.1
22.73
21.98
24.02
23.1
23.38
21.95
21.66
22.75
28.5
29.77
26.97
25.28
24.28
22.85
25.38
26.73
28.93
27.41
29.29
27.62
30.53
31.13
32.37
31.35
29.89
27.79
25.53
26.91
30.63
31.14
30.86
31.6
28.54
24.39
26.93
24.69
22.81
18.89
14.02
11.5
12.45
10.77
9.43
9.78
10.19
9.6
10.7
9.09
10.05
12.19
11.64
11.35
17.77
22.31
24.95
28.47
28.48
28.73
29.73
27.17
24.09
19.6
19.02
16.11
15.61
21.87
24.08
25.98
24.88
23.01
23.97
22.01
24.97
27.19
29.7
29.52
30.12
29.74
30.4
30.81
30.81
30.88
29.73
26.56
24.49
22.06
20.67
18.46
16.51
13.4
11.14
9.11
9.19
8.64
8.85
11.06
12.61
12.81
12.83
11.92
11.79
11.61
9.47
9.73
9.86
8.5
7.43
4.02
3.84
1.54
0.56
0.49
0.46
0.45
0.73
0.82
1.52
2.73
5.38
7.36
8.96
10.29
10.79
10.79
10.61
10.74
14.09
19.33
22.04
27.44
33.33
33.65
33.96
32.72
32.97
32.31
31.46
30.76
31.82
32.92
33.25
34.1
35.63
35.37
34.89
35.92
35.29
34.34
33.19
33.2
30.31
29.41
21.7
17.84
12.96
11.99
12.43
14.42
18.3
20.99
20.42
17.37
20.34
17.58
16.57
13.58
16.1
14.01
13.28
10.52
6.04
5.13
5.75
4.46
3.27
2.38
3.02
3.14
3.22
2.54
1.43
2.36
4.48
5.93
8.39
6.89
8.38
8.3
9.08
7.95
7.87
7.63
6.53
5.2
4.85
4.74
4.57
4.42
2.46
2.24
2.16
2.92
3.9
3.87
2.67
3.03
5.29
9.99
10.71
8.63
15.23
20.88
25.35
26.46
27.7
30.02
31.11
30.62
28.34
28.81
28.45
26.88
24.75
20.37
16.67
17.75
14.13
10.4
8.91
12.2
4.25
5.95
8.54
11.59
16.5
18.13
21.55
23.77
24.62
25.82
27.84
26.6
28.36
29.52
29.23
27.27
25.99
24.02
23.72
25.8
24.9
20.75
19.4
18.56
19.67
19.34
18.71
17.73
17.39
18.7
18.13
17.78
18.97
21.18
24.8
19.37
25.17
26.18
29.63
31.5
31.48
33.2
33.77
33.37
32.62
33.02
33.38
33.55
34.43
35.34
35.08
33.74
32.33
29.93
27.17
28.98
26.84
26.31
19.48
15.46
18.96
18.91
18.4
14.76
12.16
11.33
8.83
8.34
7.68
7.32
6.19
5.27
4.76
4.29
3.7
3.44
4.81
4.86
3.82
3.15
3.65
2.61
3.57
6.33
6.82
6.99
7.85
10.01
11.21
17.15
19.11
22.47
23.85
25.89
27.6
31.1
31.88
30.91
30.93
32.81
32.03
31.12
31.81
29.27
26.54
27.9
26.15
30.25
30.59
30.52
31.32
33.72
33.45
31.27
29.13
29.63
28.88
27.93
26.83
25.83
21.75
16.98
19.67
11.76
8.96
9.2
11.24
13.78
14.33
17.97
21.82
17.45
21.81
22.47
20.75
23.35
23.35
25.36
23.66
25.62
26.72
27.41
26.22
26.52
29.84
30.12
31.6
33.2
33.8
33.8
33.69
33.58
31.91
32.15
32.05
30.37
26.57
23.98
20.43
11.8
10.53
8.73
7.01
5.64
4.24
3.02
2.4
2.65
4.94
6.59
9.56
10.2
11.06
12.05
13.3
14.56
16.1
16.13
16.11
16.85
16.33
15.83
14.16
14.0
11.41
11.07
11.16
11.23
9.59
8.22
8.12
7.34
6.36
5.94
4.54
4.44
6.44
8.44
11.9
15.17
22.24
27.23
29.13
30.28
30.38
31.09
30.98
28.08
28.94
29.22
29.05
30.89
31.56
30.88
29.61
28.33
27.79
28.02
29.72
30.43
31.12
31.26
30.14
29.31
29.41
27.21
25.61
22.8
23.74
17.74
14.97
13.77
9.88
8.62
7.79
6.3
6.79
8.21
7.94
8.75
9.84
9.49
9.59
8.32
7.43
4.28
3.27
3.0
1.43
1.39
1.52
1.37
1.51
1.95
2.15
2.03
2.19
2.56
2.37
2.54
2.62
2.28
2.39
2.31
2.29
2.43
3.07
2.75
2.63
5.55
6.69
8.91
13.11
14.36
15.89
15.37
14.44
12.93
13.15
14.48
13.93
11.64
12.86
13.74
13.85
18.84
19.94
20.66
22.66
25.4
25.5
26.45
26.87
28.97
31.31
32.57
32.76
33.34
33.32
33.71
33.42
32.69
32.76
32.04
30.4
28.51
24.98
23.48
19.97
15.31
10.51
7.86
5.25
3.84
4.7
5.0
5.35
5.52
7.1
5.29
5.29
5.41
6.06
6.8
6.26
7.23
6.23
7.4
12.04
14.94
15.65
16.36
21.56
22.36
23.6
26.34
26.98
27.1
27.8
26.69
29.19
31.37
33.44
34.84
33.92
35.31
34.37
34.66
35.64
35.3
34.68
34.31
34.2
33.38
32.85
32.37
30.86
29.52
24.21
22.21
21.0
18.93
19.11
17.92
16.0
15.46
16.41
17.73
17.29
16.02
14.24
13.14
12.22
8.73
7.78
7.62
7.55
6.41
5.24
4.44
3.5
1.32
0.44
0.82
2.09
3.54
7.55
12.92
17.12
19.95
20.7
22.4
23.96
25.87
27.17
28.97
27.6
25.04
26.35
24.39
26.68
28.74
29.68
28.3
30.04
28.89
30.63
31.86
32.85
33.09
33.35
30.9
29.35
29.78
30.21
35.87
35.43
35.63
36.01
35.87
34.92
31.15
28.37
25.79
22.46
20.96
24.42
23.17
20.44
18.88
17.83
15.95
18.11
18.63
19.77
21.05
23.88
23.47
20.86
21.94
21.78
22.19
16.81
13.82
12.62
10.81
13.54
14.86
16.21
18.15
21.5
23.38
22.23
20.48
18.11
17.87
14.42
13.05
11.89
13.04
16.77
22.43
25.72
25.84
21.23
19.68
22.41
24.47
25.89
24.55
22.26
20.43
15.07
12.2
10.12
8.03
5.86
3.11
2.05
0.94
0.73
0.97
1.82
3.41
5.32
6.59
9.02
10.96
14.49
20.58
23.56
22.27
23.16
25.05
27.06
28.62
33.16
33.41
33.68
34.59
34.97
34.16
33.57
32.82
32.13
29.87
28.37
27.15
30.43
31.08
31.83
28.62
26.29
25.67
27.66
29.77
28.58
27.43
26.15
24.19
27.52
27.65
23.96
21.15
21.23
24.68
25.65
24.64
28.33
29.29
27.86
20.36
11.23
10.45
11.54
13.65
16.23
20.17
23.02
19.16
18.18
14.76
12.65
11.4
15.82
21.41
19.02
20.69
19.14
17.04
15.46
11.68
8.57
6.07
5.95
5.54
6.08
7.55
10.86
12.62
9.9
9.15
8.72
7.95
8.61
7.9
8.86
8.1
10.98
11.46
10.9
14.77
16.55
18.2
19.72
19.72
20.27
20.12
20.2
21.55
22.58
25.49
26.16
25.94
26.29
27.16
26.61
27.26
27.25
25.16
25.86
25.84
25.96
25.51
23.11
19.85
18.26
16.99
16.55
17.73
19.83
22.82
25.46
28.11
28.83
28.5
29.62
30.06
26.49
24.41
25.04
25.22
26.34
26.5
25.4
26.6
27.94
28.43
28.83
33.28
34.59
33.7
34.12
32.38
34.1
32.33
31.68
31.96
32.54
32.47
33.83
32.58
33.0
32.29
31.25
33.5
33.23
33.38
33.28
33.83
32.96
33.33
32.6
32.43
32.86
33.43
33.36
34.01
34.31
33.73
33.85
32.58
31.98
31.41
32.47
32.76
33.62
32.71
30.6
27.45
26.63
22.36
23.44
20.14
16.29
14.48
12.04
11.87
10.25
6.97
4.61
5.24
5.87
9.74
16.5
22.37
24.79
26.5
26.71
29.42
30.62
31.18
32.05
32.62
33.64
33.55
32.47
31.27
30.7
29.11
28.09
25.57
24.39
23.63
24.06
23.65
23.34
23.72
23.47
23.67
21.88
23.18
24.24
25.29
26.41
27.21
27.79
28.24
27.57
26.48
26.72
28.38
28.53
29.66
29.39
28.03
26.61
27.18
26.45
28.08
28.14
29.47
31.67
31.53
29.94
30.06
30.58
27.86
21.14
16.06
14.29
28.6
33.52
33.6
36.07
37.04
37.71
35.24
31.03
25.34
23.03
20.64
16.65
13.17
9.35
5.59
4.18
2.62
5.13
8.36
13.6
13.87
15.71
19.37
23.91
27.89
28.97
29.85
29.96
30.46
32.24
32.41
33.02
31.27
33.48
33.89
30.19
29.99
33.69
33.23
35.05
35.35
35.84
35.86
34.49
34.84
35.64
36.34
35.76
35.11
34.1
33.38
31.01
28.21
28.13
26.33
23.97
25.52
24.66
22.45
16.95
15.46
13.81
12.62
12.5
11.67
10.95
21.14
13.64
18.31
6.51
6.1
5.4
5.16
4.48
3.93
3.6
3.76
3.8
3.74
4.98
8.77
10.33
12.63
14.49
19.01
18.17
18.61
18.44
20.76
21.61
21.92
21.98
22.64
23.54
24.7
25.01
25.78
28.43
28.96
30.27
31.01
30.18
29.99
28.02
29.18
25.72
21.38
18.39
16.04
12.65
8.98
10.18
9.02
7.45
6.35
4.88
3.79
3.37
3.43
3.5
3.39
2.94
2.77
2.77
2.48
2.59
2.65
2.7
2.75
2.4
2.07
1.82
1.38
1.73
2.4
2.51
2.72
3.37
3.1
2.51
2.46
2.84
3.09
3.61
3.37
3.88
4.62
5.31
7.51
8.67
10.48
12.55
12.8
14.14
16.72
21.72
27.05
28.94
26.79
27.09
27.22
26.0
24.49
21.85
18.03
12.53
11.01
10.26
11.72
10.57
9.96
8.68
7.8
7.83
10.46
9.42
8.39
9.21
11.65
9.36
7.77
4.76
3.29
3.43
3.9
5.22
5.86
5.64
5.28
6.65
7.17
6.84
8.69
10.67
14.69
17.83
18.75
16.37
18.34
21.52
25.18
26.59
28.31
28.08
27.99
26.62
27.77
27.28
26.93
27.49
28.88
30.91
32.07
32.53
30.8
31.09
33.69
34.51
33.49
31.95
31.68
29.07
28.04
24.67
21.7
20.63
18.78
17.46
14.79
8.41
7.35
6.69
6.4
13.45
13.65
15.78
21.26
21.03
19.74
18.06
15.22
12.84
13.78
16.85
13.29
7.62
5.7
5.65
7.42
6.65
12.33
24.05
25.98
22.3
18.17
23.2
24.23
22.2
17.99
10.62
8.58
8.19
9.02
8.96
9.49
8.21
6.49
5.32
5.36
4.54
2.86
3.26
2.23
1.14
2.11
4.18
6.84
9.62
13.28
19.82
24.74
27.17
28.13
30.78
30.32
30.11
30.99
30.51
32.21
32.22
32.88
32.99
33.1
32.36
29.32
29.71
29.77
30.62
30.22
27.45
21.68
15.47
12.68
12.51
13.17
11.55
12.04
12.56
11.72
11.11
10.13
8.28
9.61
9.47
9.83
9.96
21.03
22.92
22.13
24.31
24.07
23.71
23.42
25.11
24.77
26.41
27.32
27.83
27.53
30.51
30.78
30.76
30.84
29.71
28.99
27.45
26.61
25.82
25.22
24.01
26.39
26.44
28.16
30.23
29.4
26.92
27.38
25.34
16.21
11.79
12.95
16.32
17.0
11.79
14.86
13.28
14.39
19.47
20.67
21.46
20.61
21.98
22.21
20.57
19.96
21.88
20.05
19.31
16.45
16.82
14.62
14.55
11.61
13.38
12.2
9.61
10.53
12.42
14.0
13.92
12.29
9.15
5.73
5.63
1.91
1.97
2.25
2.26
2.99
2.87
2.67
3.74
4.42
4.92
5.52
5.49
6.14
9.38
15.66
18.58
18.91
21.38
21.64
20.88
15.66
6.18
7.45
16.6
17.31
16.0
18.5
18.19
16.18
18.73
20.73
23.12
25.06
25.86
27.36
28.63
28.67
28.73
28.7
30.11
30.07
28.43
25.4
22.73
24.58
24.51
22.74
26.22
26.1
25.72
20.18
16.31
13.57
10.5
11.1
9.29
13.09
14.7
10.6
9.13
8.09
9.98
10.02
11.25
10.97
11.05
12.03
14.21
11.51
11.3
11.29
16.21
19.56
22.9
22.7
20.31
18.97
17.79
19.24
18.13
18.98
16.53
17.22
16.72
14.8
14.27
14.11
12.6
11.81
15.19
16.79
17.02
17.49
18.66
15.63
18.11
20.76
20.79
20.24
21.27
22.04
19.02
18.91
18.93
19.7
18.21
16.72
16.22
18.09
17.38
18.17
21.18
17.95
23.83
25.27
27.09
26.67
31.28
31.55
31.39
32.74
33.34
33.77
33.53
32.67
32.22
31.84
30.31
30.12
29.7
29.16
27.08
29.74
29.79
31.51
32.08
31.07
31.35
29.69
27.41
26.11
21.86
24.29
24.57
27.66
28.11
28.04
29.19
29.17
25.7
24.83
24.95
24.95
24.65
25.08
24.83
21.71
19.84
19.02
21.11
20.66
23.22
25.21
22.84
21.96
17.54
18.88
19.33
21.14
21.6
25.35
25.13
22.67
23.88
21.54
20.25
18.08
20.04
19.57
20.82
21.14
22.13
21.52
20.68
18.24
15.65
12.23
10.51
8.64
6.91
9.5
10.04
7.86
7.45
7.31
7.84
16.07
28.41
27.45
27.84
26.91
25.74
24.76
23.26
23.86
23.12
22.84
23.15
22.91
21.46
22.91
20.37
13.91
17.3
18.55
25.05
28.39
28.98
25.86
22.9
26.68
21.72
22.25
22.56
20.02
18.75
18.53
17.84
18.11
18.59
18.09
17.94
15.63
10.11
7.08
6.31
5.59
5.53
6.46
3.94
3.17
3.08
4.47
4.91
4.78
4.82
4.61
4.46
3.88
3.66
3.42
2.76
2.23
2.92
2.19
4.13
3.69
4.77
5.33
5.77
7.42
10.5
11.27
12.28
13.71
14.3
15.57
19.12
17.11
18.92
21.64
24.37
23.31
24.03
27.15
21.15
15.37
12.92
8.73
6.83
9.26
12.93
22.12
25.35
24.54
24.02
26.78
29.51
30.99
32.0
32.87
34.48
35.42
35.78
36.46
37.21
36.94
37.09
36.81
35.92
36.4
36.88
37.03
36.94
37.03
35.84
36.29
36.27
35.34
34.01
31.64
30.39
29.61
26.97
25.7
20.86
15.68
11.49
10.76
9.59
6.28
4.87
3.35
2.76
3.14
5.72
9.54
16.58
20.1
25.78
26.16
28.38
29.3
27.66
28.97
32.52
32.62
33.67
34.05
34.35
33.2
32.01
31.44
31.13
30.16
29.32
28.28
27.69
27.12
28.27
30.08
29.7
28.51
28.25
29.84
32.34
33.1
32.74
34.73
35.98
36.85
37.36
37.07
36.24
33.34
33.05
34.32
33.65
32.87
31.82
31.59
29.31
27.97
30.6
29.82
25.7
27.97
26.71
25.14
26.58
27.16
29.46
29.83
29.06
26.3
24.76
25.14
22.99
19.45
10.7
9.51
8.57
12.93
9.01
8.47
8.83
8.27
10.21
15.76
14.05
10.83
13.8
16.87
15.79
11.65
10.91
12.24
9.68
12.61
6.79
6.18
9.69
15.73
28.8
29.01
30.66
32.31
33.06
31.83
33.38
35.04
36.25
36.99
37.43
37.23
37.41
36.51
36.92
34.61
33.53
31.65
31.09
28.58
23.98
17.36
9.45
6.7
6.46
6.3
6.76
9.13
9.94
16.51
17.96
12.23
7.05
12.07
12.33
5.95
11.25
12.24
15.74
17.56
21.79
23.8
26.56
28.14
28.49
27.14
28.32
27.8
24.66
23.78
24.55
25.74
26.09
26.73
25.93
25.69
25.4
22.71
21.27
20.03
18.83
19.49
19.38
16.64
15.71
11.61
9.84
9.9
8.78
5.94
7.49
6.51
6.38
5.3
4.05
2.5
2.7
2.3
1.87
2.81
5.69
11.57
16.17
19.59
22.99
26.1
26.14
26.07
25.04
27.92
28.67
28.71
29.47
28.98
29.04
29.07
30.66
29.88
29.83
29.34
29.74
26.62
30.52
30.42
33.17
32.63
30.59
25.74
31.35
32.86
36.68
33.1
32.22
33.11
33.41
30.13
27.46
27.26
30.39
29.57
26.64
24.94
26.59
26.33
25.51
27.02
31.88
31.89
31.27
31.85
30.48
28.97
26.43
26.73
28.05
25.0
23.66
22.88
23.74
19.72
18.06
12.22
7.29
6.64
5.98
5.74
5.05
4.43
4.1
4.03
6.17
4.98
7.62
9.03
8.05
11.59
13.11
18.19
21.46
19.94
15.7
20.17
24.1
25.41
31.16
32.45
32.04
30.02
29.44
27.16
25.7
24.5
20.08
15.27
13.43
11.68
12.19
13.15
15.94
19.06
18.25
19.36
20.13
18.7
15.48
13.28
11.06
8.27
8.31
9.92
14.18
15.98
10.18
10.7
11.78
15.02
19.91
21.55
23.93
29.4
31.61
32.12
31.82
30.95
30.79
30.41
31.04
30.79
30.53
29.84
30.24
29.94
28.37
26.6
28.2
29.99
28.72
29.11
28.9
28.27
30.47
30.74
30.36
29.8
28.85
28.68
27.76
21.95
21.23
17.58
17.34
14.16
15.12
21.01
24.22
21.54
16.39
13.54
12.74
10.63
11.29
9.28
10.71
12.58
18.03
17.69
13.87
11.84
9.78
10.1
9.0
10.12
10.08
8.95
5.9
4.68
5.59
5.35
6.84
7.74
7.27
7.57
7.94
9.42
11.62
12.75
16.82
18.84
19.49
19.73
20.65
22.13
22.1
24.55
25.2
25.68
27.08
25.4
22.95
20.92
17.56
13.14
11.95
11.46
14.11
17.29
17.89
17.74
21.19
22.54
21.92
23.42
27.05
28.29
28.89
27.87
28.16
26.8
29.01
29.05
28.33
25.28
21.54
22.52
22.51
21.47
18.7
20.25
21.78
21.05
21.46
22.43
27.22
28.59
28.25
27.34
26.55
27.26
26.74
25.61
25.91
25.74
25.12
25.51
24.9
24.15
23.78
23.5
22.58
20.89
17.54
16.68
15.48
14.38
14.49
14.82
16.15
15.94
16.82
18.02
16.49
14.45
13.54
14.35
12.91
10.24
8.64
8.85
10.6
9.69
8.46
8.14
7.18
7.82
8.72
8.73
8.31
7.7
8.12
8.28
10.0
9.89
8.86
9.2
8.29
7.1
7.19
6.33
7.74
12.42
13.33
11.56
9.88
8.98
9.18
10.26
7.23
5.82
6.42
7.29
3.98
2.14
2.79
4.78
4.62
12.82
11.61
5.28
5.73
10.24
19.57
23.79
24.73
25.93
25.94
26.47
21.73
20.03
17.38
13.34
9.84
9.05
10.46
11.0
12.21
15.24
19.75
23.31
27.93
27.53
25.4
23.2
22.65
16.44
16.65
15.66
13.4
11.46
10.03
9.02
8.96
10.29
9.23
7.85
8.61
9.0
7.84
8.69
8.09
9.37
12.52
11.45
12.29
9.64
11.86
11.44
12.25
13.97
14.68
19.22
23.26
25.25
26.91
27.5
27.82
27.2
25.83
25.29
23.28
21.22
19.2
14.81
11.74
13.24
17.36
18.52
14.81
10.43
7.07
3.21
3.93
12.0
7.17
3.93
8.58
15.54
19.26
22.09
21.81
21.96
21.56
20.02
16.57
16.45
16.12
15.55
21.83
21.68
17.6
12.92
11.0
9.39
10.18
10.31
8.98
9.3
9.14
13.52
19.45
28.2
25.23
23.99
22.44
19.84
20.94
22.09
20.59
20.1
20.13
24.22
28.78
31.2
28.1
27.01
25.74
24.37
24.74
25.25
23.45
17.76
11.83
10.37
10.19
11.12
12.28
12.8
14.48
14.09
11.1
8.41
7.75
7.87
8.76
8.21
8.16
9.14
9.6
11.89
11.64
12.86
11.23
9.81
10.98
9.88
10.8
10.92
10.97
14.91
16.33
16.54
21.03
21.65
20.18
18.79
16.85
18.64
14.19
8.65
6.56
4.96
4.83
4.01
3.48
14.33
16.64
10.93
16.45
8.87
7.29
4.53
4.5
9.23
18.71
17.76
17.38
12.49
12.94
12.55
13.3
12.57
10.9
9.04
7.76
7.27
6.89
6.46
6.94
5.77
4.7
3.64
3.65
3.18
4.15
4.45
5.86
7.3
7.33
9.31
12.39
14.12
14.21
15.48
14.42
12.99
13.53
11.65
7.45
6.78
5.68
4.65
7.24
9.29
8.14
7.89
7.25
8.26
5.53
6.2
7.51
7.85
9.68
11.24
14.92
12.34
9.52
10.09
11.11
6.97
6.06
7.07
6.96
8.49
8.55
9.27
8.02
7.45
8.44
12.53
15.95
16.21
14.83
13.36
13.71
14.27
13.64
11.32
10.7
11.71
14.34
15.51
16.13
12.1
11.75
7.75
4.02
2.8
3.18
3.39
3.42
4.17
2.71
2.48
6.37
12.68
12.51
9.69
7.87
7.23
4.05
3.38
5.0
4.57
4.59
4.1
3.27
4.65
5.03
5.09
3.86
3.51
3.35
2.79
2.52
3.07
2.77
3.48
5.7
6.03
7.27
8.55
10.83
8.15
8.45
8.16
7.87
7.14
6.07
6.58
9.62
10.03
11.43
16.0
14.93
14.22
13.82
13.6
8.17
6.92
6.87
7.29
6.08
6.19
6.69
8.57
7.51
5.19
6.66
8.48
6.56
7.41
11.15
11.54
14.02
8.64
6.2
5.02
3.53
2.92
2.36
3.32
4.2
6.02
8.11
12.68
10.62
5.94
10.13
9.41
11.6
12.01
11.0
10.88
14.58
15.35
13.92
10.89
9.29
8.04
3.71
2.5
3.28
6.9
6.65
8.23
8.78
10.85
10.5
14.23
18.88
19.8
20.19
21.15
20.9
20.01
22.14
22.11
21.84
21.79
22.05
22.2
22.68
23.12
23.92
23.36
20.57
20.58
20.76
22.28
23.06
24.95
25.33
27.07
27.41
26.38
27.29
28.62
28.4
29.06
28.2
29.06
29.42
29.37
28.93
29.57
30.46
31.36
31.43
30.75
30.25
28.24
25.4
20.71
20.97
21.83
22.32
21.48
21.3
24.62
24.15
23.11
22.78
22.93
23.49
22.3
21.9
18.46
14.15
17.32
17.97
17.79
15.22
13.97
13.56
9.74
7.63
7.93
10.35
9.99
9.17
9.2
12.05
13.33
14.03
16.16
15.86
15.16
14.25
14.18
9.66
7.7
6.18
10.28
11.68
8.41
6.95
9.52
14.47
9.17
7.43
8.26
6.78
4.02
6.21
7.49
6.74
8.17
12.31
13.51
14.45
17.38
18.58
25.03
28.94
32.51
32.11
33.18
33.58
32.08
27.62
19.23
17.4
21.98
25.16
21.89
23.22
20.09
21.42
21.33
27.15
29.0
31.09
33.08
33.54
34.78
36.01
35.81
36.12
34.93
35.63
34.64
32.24
29.36
27.25
23.18
21.11
21.73
17.12
12.21
11.78
10.9
9.28
10.81
11.63
13.12
12.77
12.46
11.46
14.49
19.23
24.84
26.42
26.08
26.03
25.1
24.13
24.52
23.26
19.49
17.72
17.67
15.73
14.55
12.95
11.92
8.88
10.42
11.98
9.73
8.02
9.22
11.44
15.11
22.03
24.39
22.86
23.47
20.82
19.71
16.96
11.69
7.53
5.83
5.96
5.9
5.68
5.04
5.13
4.58
2.22
1.95
2.72
3.07
3.7
4.38
4.0
3.91
3.62
3.87
3.51
3.73
5.45
7.39
9.78
11.2
10.81
12.35
12.14
12.82
12.38
11.47
9.3
8.4
8.46
8.4
9.06
8.6
11.92
13.96
12.55
13.94
14.4
13.95
11.91
10.21
8.47
13.81
16.7
15.64
20.9
21.3
19.4
18.99
20.64
19.4
16.22
19.05
17.12
13.3
12.31
11.46
8.14
6.6
5.26
6.98
10.86
17.41
18.16
17.0
16.18
18.77
20.55
18.32
16.64
18.14
21.24
20.4
22.69
23.32
24.37
25.3
27.85
26.6
26.98
29.56
31.12
30.32
29.25
28.82
27.97
29.51
30.35
32.11
32.97
30.29
28.76
25.26
23.22
25.26
26.68
28.06
32.16
34.0
31.88
32.26
32.02
32.69
32.87
32.38
32.53
32.83
34.45
33.87
35.73
35.3
34.43
34.11
33.37
31.81
30.74
29.45
27.43
22.33
14.11
13.52
21.07
21.95
22.39
23.36
25.03
25.63
26.09
26.82
27.35
26.4
24.85
26.24
26.72
27.18
29.27
29.11
28.38
26.87
25.17
22.6
24.53
21.71
17.32
14.64
11.7
8.89
9.36
12.57
16.61
21.18
20.67
17.1
15.67
15.47
14.22
13.56
13.35
14.4
10.92
8.66
8.01
8.6
7.37
4.12
2.13
2.14
1.36
1.45
1.41
1.07
0.3
0.49
0.72
1.88
1.48
2.59
2.74
2.66
2.88
2.98
3.3
3.49
2.3
1.04
1.35
1.88
1.89
2.52
3.67
5.06
5.18
4.33
3.84
4.16
4.59
4.44
2.98
2.61
3.04
2.87
2.0
2.62
2.07
3.44
5.58
7.91
9.23
8.75
7.36
7.21
7.64
8.9
8.88
9.43
8.69
8.23
7.34
6.32
6.7
6.35
3.93
2.76
3.48
6.04
7.74
7.43
7.86
7.77
8.25
12.71
12.93
12.81
17.78
14.13
12.16
12.43
13.11
12.86
10.43
13.61
19.42
23.25
24.36
23.15
21.05
20.53
20.1
18.82
19.69
18.25
17.8
19.59
19.65
18.8
18.38
15.59
14.17
15.1
12.84
5.95
3.54
4.04
4.42
4.73
4.02
4.29
5.98
5.14
3.65
3.75
7.84
8.03
5.71
7.01
6.21
4.4
6.63
12.69
15.96
19.04
19.94
21.32
21.19
16.45
13.94
10.66
8.31
8.98
10.96
14.41
14.47
13.72
13.16
11.29
10.01
9.4
5.4
3.41
3.46
3.71
4.11
5.28
3.92
4.65
8.32
9.81
7.46
5.84
5.52
4.61
6.18
5.42
5.49
3.55
3.94
4.36
3.19
2.76
3.92
5.43
7.13
7.39
9.75
14.79
17.03
22.53
26.78
27.3
26.57
26.32
27.46
27.99
28.78
28.15
24.31
21.03
19.32
14.32
13.68
11.55
8.3
7.51
7.45
5.7
4.36
3.42
4.3
4.99
4.96
7.04
8.1
7.81
7.38
9.18
10.12
11.05
11.63
9.43
8.16
8.13
6.5
6.82
7.42
8.41
8.1
9.08
6.53
7.32
11.07
14.02
17.4
21.68
24.33
24.99
27.45
26.14
24.98
24.43
21.32
20.52
19.81
19.2
17.72
17.61
20.4
23.42
23.86
22.28
20.21
20.35
18.41
20.12
20.96
21.43
23.45
22.42
21.8
20.91
24.07
24.42
23.11
22.06
21.22
19.76
20.77
20.05
18.02
15.97
16.39
15.53
17.86
16.9
15.06
15.53
12.91
7.83
6.45
4.33
4.62
3.89
4.46
5.68
4.88
5.8
7.36
5.49
6.98
11.2
11.18
10.75
8.91
6.64
5.62
4.67
5.5
7.44
8.87
18.5
15.34
18.65
19.0
19.78
19.28
22.08
23.05
24.69
26.61
25.59
25.02
23.81
21.85
20.89
19.06
19.63
20.75
22.24
23.11
21.28
18.07
19.36
14.29
14.08
15.73
15.57
15.67
14.76
14.77
19.73
18.63
19.08
22.8
22.68
21.5
17.88
14.02
14.09
11.87
11.03
9.65
9.58
10.88
8.86
8.41
7.0
6.79
11.01
15.3
16.12
17.28
18.71
19.45
18.25
19.18
17.73
20.22
19.98
19.59
17.11
16.05
12.85
10.17
10.68
9.71
8.68
8.69
8.58
8.14
8.96
10.77
11.77
10.35
9.66
10.58
9.24
10.43
11.36
14.6
15.98
17.77
17.33
16.0
17.73
16.27
12.77
11.36
9.68
7.39
8.09
7.2
5.92
6.54
8.41
7.26
6.86
5.23
4.74
4.82
4.9
5.26
6.0
5.42
4.58
4.98
3.73
3.47
3.1
3.49
3.62
3.25
3.04
3.06
3.33
3.07
2.78
1.68
2.33
3.52
4.36
4.0
2.75
2.73
2.84
3.17
2.72
4.44
6.51
2.9
2.89
3.62
2.75
2.33
3.04
2.86
2.11
2.4
2.24
2.2
2.45
1.86
2.05
2.95
7.93
10.96
13.33
16.64
21.13
22.7
22.74
22.32
25.15
27.87
28.39
28.65
28.1
27.55
23.72
26.18
29.95
29.76
27.17
23.44
22.01
23.18
20.45
18.12
14.92
17.56
15.58
15.58
14.17
11.9
17.96
22.34
23.74
24.99
24.39
21.37
20.72
20.72
23.62
24.15
24.49
22.58
19.57
18.56
20.88
14.88
10.33
11.3
13.84
13.83
15.96
17.45
16.76
16.2
16.07
17.78
16.92
19.03
17.07
18.46
19.96
22.49
23.35
23.33
22.75
22.7
22.59
23.3
24.66
25.41
27.15
26.37
27.08
26.14
25.08
26.87
29.43
29.08
27.47
27.53
24.98
27.26
19.96
20.01
20.11
29.47
31.86
31.95
32.19
32.28
30.78
30.94
31.23
31.66
31.29
32.03
31.96
33.36
33.02
32.62
31.66
32.63
32.81
34.5
34.14
34.19
31.21
29.82
29.41
31.47
31.78
33.08
30.68
29.05
24.04
22.5
22.51
24.87
22.3
23.42
20.96
19.89
17.25
13.24
10.18
8.04
6.13
5.85
7.61
7.33
9.47
9.24
9.28
7.19
5.52
5.89
8.41
8.64
7.88
6.3
4.74
4.08
3.93
5.63
6.01
6.34
6.72
6.87
7.25
11.42
13.42
11.8
9.85
17.64
23.43
22.89
19.16
18.92
19.5
17.6
13.6
9.54
8.03
8.14
6.92
12.32
18.29
20.86
24.04
27.62
28.84
28.73
26.78
26.4
28.4
29.33
27.48
30.2
31.49
30.69
29.08
27.52
26.33
25.81
27.92
28.73
27.65
28.56
27.86
29.11
28.54
28.71
29.26
25.93
21.4
23.31
27.54
27.52
25.46
23.75
20.47
15.22
11.83
13.01
15.31
17.78
23.68
31.08
32.09
31.73
31.24
29.99
29.53
30.87
27.91
27.57
25.64
22.57
20.17
18.6
15.99
16.27
18.75
20.42
24.8
27.71
28.72
27.38
21.02
13.66
13.03
10.22
8.38
8.13
9.09
12.46
12.32
17.0
15.28
13.36
17.59
19.29
18.12
20.66
22.42
24.9
25.43
27.71
29.6
29.3
27.69
27.39
25.3
20.61
20.12
19.98
19.56
18.71
15.02
11.05
8.37
6.47
6.27
4.72
3.09
4.08
4.65
7.11
7.97
8.33
7.44
6.61
5.93
6.15
5.84
4.94
4.59
6.23
6.92
5.74
6.53
5.55
5.27
4.57
4.07
7.31
5.95
3.0
3.62
3.73
5.19
7.23
10.06
9.31
9.55
9.94
12.42
11.11
8.8
6.26
5.26
5.87
5.96
6.76
6.6
5.72
3.7
3.92
5.56
6.91
5.59
5.46
5.95
4.62
2.68
3.07
2.59
1.55
3.03
5.13
7.4
5.85
9.89
12.66
15.53
12.74
10.9
10.17
9.52
10.08
9.18
8.96
9.47
9.02
8.59
7.41
8.64
9.71
8.82
9.52
9.03
11.82
13.3
12.67
16.35
20.69
19.56
18.07
14.5
15.06
13.03
13.71
11.54
10.65
9.42
8.8
9.12
11.32
11.69
11.36
9.61
8.44
9.45
10.88
10.79
12.4
14.65
17.13
18.71
22.08
21.09
21.16
22.0
22.37
22.94
23.88
24.56
26.67
23.57
21.78
22.44
23.23
24.29
26.33
15.23
14.74
18.35
20.33
26.53
26.53
24.65
26.19
27.63
29.42
28.69
23.93
15.68
22.57
11.0
7.61
10.21
7.37
5.38
5.72
4.53
3.02
2.58
4.3
4.94
4.05
6.51
9.69
7.7
6.56
8.36
8.21
7.06
9.29
7.21
4.39
2.71
2.62
3.85
4.79
6.2
6.4
6.33
5.06
3.67
2.82
1.56
1.09
1.13
1.16
1.29
1.86
2.21
3.35
4.72
5.29
9.42
13.87
17.29
12.09
11.08
9.76
8.93
9.87
7.08
6.45
6.21
6.18
5.97
3.39
4.01
6.24
8.54
10.08
10.5
9.69
8.94
9.4
12.32
12.61
13.58
13.15
11.83
10.45
9.98
9.02
8.15
6.62
5.26
4.22
3.28
3.08
3.36
4.55
4.38
4.53
4.57
4.53
5.03
6.23
6.03
6.52
5.75
5.22
7.04
6.77
6.7
6.52
5.53
6.07
5.85
5.57
5.86
5.33
4.96
4.07
4.32
4.64
3.14
1.55
1.43
1.0
0.84
1.11
1.59
2.74
2.9
3.62
5.46
6.03
7.01
6.48
5.8
6.51
8.34
8.54
8.39
8.54
8.71
9.68
10.56
9.99
8.29
8.39
8.78
9.88
11.3
13.42
14.21
17.11
18.28
20.93
21.25
17.72
14.71
15.47
17.33
17.44
19.94
18.59
18.45
22.64
21.68
22.56
23.29
22.59
18.6
16.47
17.18
16.11
13.63
10.49
9.61
8.54
7.18
11.25
11.52
8.21
8.26
8.08
6.93
7.63
10.7
8.68
7.88
8.89
6.87
7.52
14.55
14.26
17.36
14.67
10.17
9.91
7.77
9.06
8.07
5.77
5.7
8.32
9.57
10.51
5.47
2.67
2.58
2.06
3.24
3.92
4.07
4.36
4.25
4.32
3.96
3.63
3.2
2.52
2.81
3.8
3.3
3.22
2.46
3.66
7.54
11.14
16.35
12.64
12.15
14.41
14.03
13.79
14.69
11.63
7.87
3.85
2.6
3.24
3.13
3.0
4.46
4.9
3.45
7.89
9.31
7.87
8.04
9.58
12.16
13.51
18.8
22.62
22.35
24.26
25.41
25.25
25.06
20.95
14.72
13.89
18.66
18.72
15.52
10.7
7.69
7.78
11.99
12.94
15.54
15.23
17.68
18.37
26.26
28.4
29.5
28.83
27.67
26.62
22.91
22.59
21.64
18.45
14.48
10.24
8.65
8.01
7.99
9.15
9.23
7.33
9.49
12.09
15.9
18.07
18.75
19.7
21.97
21.51
23.72
26.01
25.91
22.04
21.26
18.74
17.46
16.42
14.25
14.94
14.02
12.32
12.01
12.43
9.48
6.13
7.16
7.15
7.35
8.83
12.08
17.23
18.96
19.86
18.43
21.83
20.38
18.04
16.71
15.4
15.21
16.35
10.75
8.99
11.64
12.76
6.63
12.83
21.49
20.91
18.51
10.8
6.64
6.1
7.23
3.9
4.2
2.76
3.94
2.4
2.77
4.63
5.85
7.8
8.5
9.49
13.3
14.96
16.86
15.41
13.28
16.34
13.46
13.29
13.66
12.92
6.38
5.13
5.01
4.44
2.81
3.33
4.87
6.2
8.73
8.56
8.16
7.03
6.93
7.7
7.85
7.21
7.34
7.46
7.19
6.48
5.15
5.13
5.96
5.39
5.51
5.83
6.72
7.63
7.87
6.57
3.95
2.75
2.01
4.01
4.78
2.97
2.41
3.4
4.42
6.26
8.72
7.33
7.08
7.59
7.36
4.2
7.47
10.09
12.66
14.16
12.7
11.41
13.63
14.85
17.16
20.15
21.06
20.84
20.22
18.06
16.78
14.94
10.4
9.01
8.41
9.97
9.82
8.86
6.29
5.21
5.16
5.14
5.74
6.27
7.65
7.78
6.37
6.95
7.09
7.91
7.51
5.32
4.86
4.72
5.05
7.56
8.85
10.01
5.18
2.74
2.8
3.93
4.69
4.7
5.18
3.68
3.12
3.29
4.73
4.21
2.33
2.45
2.12
3.22
3.41
3.0
3.36
3.6
3.73
3.39
5.99
5.31
6.85
3.76
4.05
3.98
4.98
6.15
7.11
9.18
8.59
6.2
5.13
4.22
4.92
4.66
4.74
3.13
2.16
1.37
1.19
1.38
2.11
4.62
5.7
6.12
5.72
6.73
6.98
6.09
5.94
4.77
6.06
7.08
5.84
8.05
10.16
11.75
9.75
7.1
7.44
9.81
11.14
13.11
13.24
11.67
13.07
11.16
12.34
12.37
13.09
12.38
11.37
9.03
6.91
10.55
14.93
17.33
16.7
14.41
11.78
15.47
17.03
16.68
15.97
20.33
19.07
18.44
17.0
18.03
22.46
20.65
22.76
25.54
25.1
21.04
15.23
17.05
19.24
17.69
13.44
16.46
19.76
20.46
23.63
25.8
28.52
29.86
24.37
25.9
26.22
24.64
27.17
26.25
26.88
26.08
24.36
19.86
18.3
13.73
11.16
7.48
6.84
8.59
13.43
16.51
19.07
18.25
12.95
9.03
12.84
16.3
16.5
15.47
15.1
13.23
14.89
16.44
17.7
19.5
19.52
20.21
20.47
13.97
10.58
10.02
7.69
5.61
3.63
3.25
3.5
3.8
3.6
4.31
4.74
5.0
3.96
5.41
4.32
4.56
7.74
9.42
10.96
7.19
5.6
4.03
3.29
3.25
3.12
3.3
4.64
4.2
4.56
4.67
3.42
19.38
14.27
18.13
17.24
27.09
8.72
14.62
11.63
18.33
16.73
12.99
22.08
15.61
12.93
20.39
17.78
14.69
19.15
14.58
9.24
14.13
4.32
4.73
15.59
21.44
19.05
12.32
20.95
21.82
10.84
21.04
18.05
15.75
21.66
22.12
13.73
18.5
17.56
27.19
8.81
28.39
15.71
21.62
19.05
18.54
17.05
19.7
10.01
19.94
17.51
12.48
24.55
17.63
4.6
19.97
16.77
11.35
15.9
22.93
20.22
9.35
26.83
20.82
7.21
8.63
17.18
23.66
20.17
14.63
12.74
19.39
23.42
13.46
10.71
18.56
10.46
22.48
21.87
9.96
8.8
20.04
20.0
13.12
21.7
17.06
14.39
23.4
15.49
18.91
28.61
12.66
20.34
15.07
16.77
15.29
11.09
11.19
16.09
11.72
24.35
13.81
18.56
6.46
21.14
18.08
9.5
16.57
28.5
18.35
21.4
5.97
26.62
23.23
9.82
9.42
16.91
11.64
14.07
23.72
22.14
12.83
17.48
26.4
25.52
10.16
6.39
13.04
11.09
13.76
25.78
20.79
16.08
26.51
11.72
26.92
18.8
27.82
13.25
19.15
12.64
11.57
20.63
11.34
20.93
24.1
22.22
15.14
18.28
12.88
21.47
11.11
18.09
16.13
19.79
26.54
16.6
12.11
11.08
13.22
15.92
13.73
14.94
26.89
28.32
18.88
15.6
9.53
19.72
7.23
12.88
16.04
20.56
16.12
12.06
23.16
27.34
13.66
13.89
20.46
16.35
21.55
10.81
25.83
11.2
12.37
15.23
12.62
20.71
24.19
20.19
7.0
23.26
23.24
12.35
25.9
24.79
14.15
11.46
9.53
15.38
24.4
19.77
17.55
16.3
15.47
12.18
9.19
11.52
13.47
15.09
10.48
11.01
9.97
10.21
12.5
12.02
14.97
18.39
20.11
21.87
23.07
23.99
25.37
23.89
22.3
18.72
15.05
14.85
16.21
17.59
19.11
17.91
17.97
14.45
6.15
3.77
2.19
3.57
3.7
1.97
0.91
0.98
1.6
2.76
4.61
6.11
14.35
16.09
13.87
11.7
10.04
9.54
9.13
5.6
4.11
4.11
4.2
3.06
3.12
1.86
0.59
0.37
0.79
1.9
2.31
2.43
2.91
3.43
2.5
3.75
9.49
8.96
6.38
6.37
4.6
4.07
3.05
2.22
2.32
3.01
3.57
3.22
2.76
2.57
2.28
2.13
1.42
0.98
2.52
9.94
14.33
14.23
12.58
10.52
10.22
8.42
8.08
5.48
4.49
4.86
5.24
5.54
6.01
6.65
6.79
6.06
4.15
4.12
1.95
2.72
3.5
2.41
2.84
3.31
3.21
5.4
5.4
4.97
3.7
3.42
2.95
3.26
4.31
5.67
8.13
7.74
6.48
5.68
4.28
5.09
6.39
6.83
5.74
9.16
10.55
7.12
5.92
5.91
6.3
5.29
4.53
3.87
10.84
7.88
6.87
7.54
11.26
10.26
9.84
9.18
7.88
6.03
7.3
14.44
13.61
12.35
12.87
12.38
11.22
8.4
6.92
9.02
10.29
10.18
9.81
10.17
11.46
11.05
10.52
13.12
14.47
11.76
8.93
5.81
3.61
5.13
9.58
8.31
7.53
8.79
7.82
9.61
9.86
5.69
4.23
1.94
1.56
2.07
3.3
5.12
5.21
10.26
13.19
9.59
7.31
8.87
8.32
8.35
6.92
5.27
4.61
5.15
4.21
4.5
4.92
8.7
8.87
6.51
5.63
4.7
2.91
2.84
2.32
1.96
2.36
3.67
4.13
4.04
5.54
6.41
6.82
6.08
5.25
5.67
5.59
5.75
5.7
5.97
4.02
2.74
2.35
2.37
2.6
3.89
3.46
3.07
2.8
2.41
2.18
3.05
3.42
3.68
5.99
7.53
7.55
7.58
7.07
7.07
6.52
8.29
5.93
5.83
3.86
2.09
1.91
1.98
2.18
3.45
4.83
7.63
9.15
10.78
12.54
14.04
15.32
15.67
17.27
17.97
20.2
20.2
19.27
20.53
20.94
23.49
21.5
20.39
17.8
19.9
19.33
16.11
18.83
21.99
21.09
17.83
20.15
20.83
21.19
22.62
22.98
18.68
12.76
11.13
11.33
10.68
12.89
13.95
17.65
13.81
9.98
7.53
4.97
4.85
5.51
4.53
4.03
4.65
7.68
10.11
12.18
13.83
19.62
21.07
21.59
20.56
20.21
20.82
19.59
15.64
12.27
10.03
11.6
10.61
9.6
8.16
6.07
7.51
9.58
9.2
9.25
9.48
10.76
11.54
12.09
14.22
13.28
13.95
12.28
8.92
6.46
6.7
7.22
6.02
6.34
5.92
5.59
4.39
3.89
2.97
1.51
1.36
2.18
2.38
2.83
2.7
2.54
2.63
2.83
2.99
2.65
3.39
3.53
3.57
3.01
4.63
4.79
4.96
5.55
5.07
5.24
6.49
7.16
7.79
6.62
9.18
15.65
17.17
18.88
19.94
24.73
24.5
25.63
23.86
23.9
25.8
22.78
18.17
18.49
16.67
12.99
10.95
16.84
21.44
22.31
17.46
16.27
15.48
16.15
15.23
17.99
15.42
15.68
13.07
11.9
15.79
16.99
18.8
18.85
18.96
21.68
20.15
19.48
20.65
21.93
20.51
19.85
20.41
17.2
20.78
21.6
23.22
21.66
18.89
20.86
23.85
25.31
23.15
22.81
24.25
24.08
24.8
23.93
23.87
23.51
22.17
21.74
21.38
20.7
21.9
21.31
20.66
20.48
19.74
17.63
15.13
13.23
15.25
14.83
16.47
17.69
19.73
11.88
7.34
8.87
8.54
6.92
8.75
10.03
13.3
14.1
16.83
21.54
14.52
3.21
4.5
7.9
9.11
8.16
8.99
6.57
11.75
15.2
11.2
17.79
20.75
17.39
19.07
21.79
22.27
21.89
21.91
19.07
18.91
21.56
22.75
21.64
18.02
14.71
15.05
15.2
12.14
8.7
8.67
12.84
11.75
8.22
9.34
8.7
8.76
8.17
7.0
8.52
8.72
5.18
5.84
6.87
7.07
7.81
6.22
4.09
3.15
3.05
3.38
3.52
3.47
2.86
2.46
1.84
2.16
3.2
5.96
7.9
8.01
8.3
10.87
13.74
15.9
19.76
19.38
21.34
20.9
21.76
25.31
26.21
24.57
25.87
27.49
30.24
27.91
27.29
26.1
26.67
27.27
27.59
28.12
28.49
27.77
25.27
25.83
24.68
21.96
17.01
12.44
8.54
8.22
6.6
3.54
3.29
3.64
3.75
3.22
2.79
2.7
5.0
5.1
4.13
1.91
1.5
1.64
2.9
3.64
4.14
4.6
5.49
5.69
3.96
4.28
4.31
4.01
4.62
5.5
6.59
7.32
6.31
5.24
4.61
4.58
6.68
5.46
5.03
5.78
7.23
6.7
7.18
5.64
5.53
5.68
5.38
6.4
4.5
5.25
3.75
2.85
3.33
4.21
3.38
1.95
2.58
3.82
4.03
3.04
2.84
2.76
2.01
1.95
3.52
5.81
7.03
10.77
13.9
14.13
15.37
15.06
14.69
19.88
17.63
13.59
10.51
9.31
9.18
9.61
8.41
7.34
7.96
7.87
5.28
6.23
7.83
12.17
14.64
15.01
12.77
13.78
17.78
20.03
17.37
16.13
14.09
14.36
12.16
11.18
12.68
11.82
12.75
13.81
10.38
13.35
13.05
14.69
21.42
15.79
11.76
11.4
13.69
18.36
18.25
19.39
20.17
22.28
24.22
25.41
25.11
25.95
24.96
22.02
21.58
21.87
24.3
22.32
17.37
15.3
13.8
14.05
14.84
13.41
10.56
9.56
8.01
6.19
4.59
5.05
5.41
6.05
6.57
9.7
8.3
8.38
8.29
8.81
9.8
9.75
9.97
9.29
9.17
8.82
8.62
8.04
7.05
6.33
6.45
4.86
4.2
3.86
4.78
5.27
8.0
10.31
10.85
11.6
12.13
10.82
9.37
10.87
12.0
12.94
14.02
13.11
12.83
11.94
12.92
12.41
11.7
10.82
10.55
9.92
10.13
10.38
15.13
15.03
15.37
17.9
18.29
19.75
18.95
18.74
18.28
18.35
16.23
17.24
18.27
20.39
19.27
20.16
20.93
20.21
19.6
18.13
17.75
17.0
17.77
18.26
17.8
18.08
18.11
19.7
19.14
22.24
23.19
23.07
19.92
17.3
14.4
13.12
11.54
11.39
13.35
14.01
13.52
14.8
9.46
6.23
5.24
5.46
7.92
8.08
7.57
6.43
7.89
8.64
7.0
7.55
8.38
6.84
4.91
3.34
3.05
2.64
3.34
3.49
4.21
3.25
2.32
1.93
1.84
1.72
1.75
1.27
1.14
2.16
2.9
3.91
4.55
4.96
5.12
5.95
6.71
8.81
9.48
7.79
7.63
8.62
7.11
6.76
7.12
6.84
8.2
8.89
8.55
7.37
6.45
7.11
10.87
15.01
20.32
26.34
24.95
25.7
28.16
24.81
25.46
19.49
14.17
15.92
17.44
11.74
8.92
8.11
7.27
7.23
5.3
3.99
3.09
2.35
1.84
1.07
0.89
0.7
0.44
0.48
0.76
1.64
2.26
2.35
2.29
2.15
2.62
2.88
2.51
2.71
2.99
2.7
2.7
3.32
3.98
3.57
3.37
3.75
4.6
4.22
5.41
7.47
8.17
9.56
9.43
8.72
9.85
11.66
13.2
11.37
9.35
9.58
9.86
9.67
9.22
6.54
5.14
5.23
5.49
4.07
4.57
3.8
5.11
5.98
4.52
1.74
2.28
2.16
2.23
2.6
2.55
2.97
3.48
2.88
3.01
3.95
5.87
6.48
6.47
5.67
6.37
6.76
9.19
13.01
10.74
10.58
13.2
13.53
10.14
8.07
6.28
6.02
6.73
7.12
10.52
10.17
10.85
12.68
11.46
11.06
7.12
6.42
5.72
6.03
4.94
3.96
3.97
3.13
3.23
3.3
4.71
4.34
4.72
4.79
7.1
6.09
5.62
5.71
6.74
9.09
8.52
11.1
11.95
9.66
11.06
14.23
12.63
12.17
12.1
11.35
13.35
14.26
19.25
14.86
14.23
18.8
19.63
20.32
20.78
22.17
22.36
22.16
22.55
22.98
22.73
21.98
22.38
22.2
22.97
24.02
23.96
23.36
23.71
24.37
24.71
24.41
24.5
24.37
24.4
22.93
23.02
22.91
21.92
20.28
20.31
18.23
17.17
14.2
15.04
15.87
16.96
16.39
18.91
21.3
23.62
24.67
24.99
24.85
24.37
23.96
24.54
23.96
23.58
22.49
22.15
21.79
20.39
18.38
20.41
22.01
22.15
21.95
20.12
18.79
18.7
20.8
20.72
22.48
20.95
19.81
18.92
18.93
20.59
21.63
18.77
18.77
17.09
18.96
19.37
19.84
19.65
19.36
20.08
20.78
19.43
18.79
12.18
12.15
11.63
12.97
14.59
16.33
13.53
12.92
9.94
9.06
9.89
11.2
10.38
10.61
7.32
4.84
3.22
3.45
3.4
5.62
9.4
8.13
5.73
9.42
18.05
18.36
17.64
18.12
17.94
18.92
18.89
18.62
17.43
19.7
21.41
21.67
19.17
18.2
18.47
21.4
21.19
19.2
19.21
18.92
19.97
18.41
17.3
16.42
15.5
14.08
14.59
15.61
17.3
13.46
9.0
5.71
3.77
3.35
3.73
3.34
3.84
3.61
4.65
5.8
6.93
6.59
4.98
5.42
4.75
5.51
7.01
10.64
14.42
16.37
19.1
20.47
21.36
23.0
23.72
22.7
23.24
24.99
26.33
26.28
26.53
26.62
25.82
27.05
28.11
29.32
29.74
27.36
23.46
22.29
15.61
15.36
16.28
15.94
16.8
15.29
18.89
20.42
17.14
16.86
18.89
16.54
15.62
12.26
9.82
8.82
7.89
5.88
5.19
3.77
3.41
4.12
4.34
4.27
5.17
5.11
5.38
6.44
7.44
6.81
5.9
5.85
5.25
5.21
4.97
4.77
4.36
4.11
4.3
4.28
4.27
4.07
2.66
3.78
6.67
7.8
8.52
11.12
13.16
11.59
10.09
9.54
10.12
11.37
12.52
13.68
13.12
11.62
12.0
13.05
13.27
11.63
11.65
10.63
12.25
13.57
13.94
14.69
17.22
20.25
21.93
24.13
26.53
27.29
26.91
26.11
19.78
20.16
22.4
23.12
25.62
28.11
25.78
23.51
17.57
12.85
11.57
12.47
10.9
11.56
13.54
12.35
9.3
9.49
9.5
9.43
8.42
6.36
6.44
7.16
4.7
4.75
3.81
2.52
2.68
2.5
1.7
0.87
1.29
1.01
1.8
2.16
2.1
1.91
1.85
1.49
1.9
2.13
2.6
3.32
3.5
4.2
4.8
4.6
6.5
8.06
7.24
6.67
6.74
7.45
7.24
6.86
5.94
5.46
4.86
4.46
3.93
2.79
1.79
2.74
4.35
6.67
8.1
10.86
11.02
14.9
15.36
16.61
17.35
16.6
16.69
19.28
21.73
22.6
25.21
24.76
24.9
23.99
24.18
23.4
26.08
26.45
24.55
22.53
22.77
22.99
22.08
22.23
20.75
19.61
18.61
18.57
17.95
18.5
17.47
16.72
16.52
17.72
18.65
17.99
16.51
16.58
10.96
13.2
13.4
14.25
15.61
18.19
16.87
16.61
6.71
3.97
3.04
6.23
8.97
8.3
2.55
2.79
2.7
2.4
2.64
2.5
2.11
2.03
2.17
2.09
2.37
3.41
3.94
4.85
3.54
2.48
1.92
1.89
1.29
2.21
3.74
4.63
7.78
8.36
7.95
6.44
6.13
5.45
4.71
4.82
4.66
5.01
6.21
6.14
6.03
5.54
5.69
4.94
3.4
3.78
5.53
6.88
7.7
7.59
7.5
8.76
8.14
8.33
10.41
10.19
9.77
8.91
7.66
8.15
8.68
7.73
6.64
6.33
5.43
5.1
5.06
4.79
3.38
3.42
3.57
3.61
3.58
3.19
2.77
2.76
4.77
5.64
6.25
6.96
5.87
5.23
5.54
5.28
5.86
5.06
5.42
6.12
5.48
4.91
4.35
4.51
4.59
5.23
4.7
6.76
7.23
10.88
11.4
10.72
9.08
6.45
6.02
5.24
7.72
16.32
19.63
17.94
17.49
19.87
17.7
15.19
12.61
13.03
14.41
14.03
12.26
10.1
10.35
11.07
12.94
10.24
10.1
11.65
13.47
11.68
10.72
9.49
10.03
8.97
9.15
8.11
8.09
9.76
15.01
18.36
20.84
19.07
16.51
14.56
16.49
20.73
19.48
19.08
17.04
14.67
12.51
14.0
12.39
10.13
10.08
9.24
8.31
7.44
6.83
6.33
5.58
5.53
6.09
5.48
4.71
4.68
4.78
3.02
1.99
1.51
1.21
1.61
1.77
2.06
2.25
2.65
3.6
3.95
5.08
8.05
10.77
13.76
16.52
17.27
16.53
16.93
16.68
17.38
21.05
21.88
22.88
21.43
17.07
7.79
5.67
6.78
4.1
2.28
0.82
0.93
1.14
1.74
2.32
4.14
4.94
6.19
6.08
4.99
4.53
5.61
7.68
11.68
13.0
16.95
16.52
18.08
20.87
22.77
20.64
21.83
22.69
23.46
23.96
25.1
24.75
23.56
23.56
24.63
24.47
25.55
26.45
25.54
25.22
25.16
25.32
25.83
26.82
26.27
25.81
24.71
24.01
24.56
24.75
23.67
23.97
23.35
22.44
22.12
21.47
21.46
22.35
24.21
24.99
23.89
23.55
22.3
22.94
24.12
24.31
24.71
26.81
26.79
26.38
24.72
23.25
23.53
23.38
23.51
23.41
23.33
22.65
22.99
23.27
23.23
23.3
24.06
24.23
24.7
24.56
24.15
23.69
23.45
23.26
23.42
21.68
20.67
17.75
19.34
20.0
19.5
19.87
20.45
19.92
18.01
16.4
16.04
18.8
18.56
17.01
15.45
11.38
11.19
11.27
11.5
10.68
8.57
10.94
14.87
9.06
7.9
8.05
7.99
8.67
5.29
4.4
3.91
2.37
1.75
1.95
2.6
2.66
2.43
2.34
2.71
3.05
2.73
3.0
3.08
3.22
3.46
3.58
3.62
3.34
3.39
4.14
5.06
5.54
5.11
5.07
4.09
3.26
2.83
2.85
3.11
3.17
3.65
6.13
10.56
8.26
7.19
8.95
10.6
8.34
7.71
8.15
8.84
9.88
10.18
11.22
13.35
15.99
17.81
18.91
18.71
20.02
20.13
20.32
21.11
20.83
20.12
18.95
17.91
16.22
15.56
13.73
11.91
13.68
14.59
14.31
12.57
9.75
9.65
10.36
12.26
14.86
13.08
9.75
9.39
9.46
10.8
8.09
7.31
7.78
5.71
4.89
3.88
4.37
3.82
3.39
3.63
3.92
3.87
3.67
3.22
2.53
2.75
3.06
3.39
3.03
2.38
1.74
1.59
1.14
1.03
1.25
1.27
1.59
2.22
3.22
3.9
3.65
3.19
2.66
2.29
3.56
3.27
3.41
3.11
2.87
2.9
2.76
2.53
1.76
1.61
1.54
1.53
1.41
1.56
1.75
2.24
2.47
2.47
3.29
4.05
4.76
5.39
4.92
4.36
4.11
4.13
4.17
4.03
3.85
4.32
4.6
4.24
3.1
3.99
6.9
11.35
11.01
13.14
13.91
13.09
12.75
14.35
19.2
22.87
20.95
19.1
17.29
17.58
13.82
13.32
9.57
6.18
7.07
7.95
7.88
4.15
4.52
11.53
14.32
19.05
23.85
23.49
24.72
25.84
25.95
26.07
25.03
28.13
31.04
31.91
33.57
34.27
33.93
32.21
33.63
33.94
34.86
35.22
35.09
34.79
34.56
33.86
31.68
31.69
29.15
27.57
26.75
25.31
23.36
21.49
21.22
20.2
20.66
22.07
22.3
19.52
15.75
11.51
9.95
8.97
6.3
5.69
5.39
4.22
4.53
4.51
2.92
2.31
2.12
1.66
1.91
2.09
2.87
2.99
4.36
5.36
5.45
5.18
5.85
5.74
5.68
5.28
4.7
4.48
4.64
4.33
4.62
5.33
3.8
2.61
3.11
4.78
5.13
5.97
6.73
8.29
8.5
9.01
10.22
9.99
9.16
8.74
8.67
8.43
6.62
6.47
6.26
5.66
4.46
5.21
5.0
5.13
6.59
6.94
6.97
8.39
10.39
13.02
16.36
17.61
15.78
14.11
12.45
13.87
15.03
18.44
24.26
26.01
25.45
26.07
25.61
24.78
24.72
25.28
24.46
24.74
22.86
16.94
12.09
11.06
10.59
9.84
8.84
7.75
7.05
5.14
6.79
6.78
6.12
6.01
4.76
4.83
5.53
6.02
5.98
5.88
5.09
4.71
3.7
3.83
3.03
2.38
1.64
1.13
1.1
1.08
1.2
1.53
2.21
3.28
4.37
4.94
6.29
7.37
8.9
9.03
9.15
9.35
8.54
8.43
9.35
9.27
11.6
11.99
13.87
15.83
18.52
17.93
18.91
19.37
21.39
21.92
23.12
25.08
24.61
24.79
25.73
24.39
24.89
26.36
26.98
26.36
25.37
25.08
22.35
18.97
16.83
13.79
11.55
11.74
12.34
11.66
10.1
9.51
11.2
7.37
7.81
8.84
7.89
8.23
8.2
9.35
9.8
13.06
13.89
14.62
12.06
8.59
10.75
11.08
10.03
9.53
10.95
14.47
17.99
19.88
20.89
24.3
25.33
25.23
26.19
27.37
28.73
28.13
29.51
30.16
31.29
32.16
30.4
30.38
29.24
28.65
26.87
25.43
23.84
24.11
24.37
22.69
23.61
22.77
22.88
23.33
21.76
18.76
14.8
11.24
12.9
14.49
12.92
12.3
11.96
9.14
7.32
6.42
6.49
5.88
6.06
9.11
9.01
13.25
14.02
14.07
16.08
15.3
14.84
16.88
18.79
17.06
17.91
16.75
17.34
16.98
14.6
15.0
13.58
15.53
13.89
15.36
15.05
13.17
19.93
22.02
19.27
22.71
24.39
23.78
23.78
26.68
26.62
24.86
23.57
25.25
24.75
23.35
24.2
24.93
21.78
14.94
9.42
8.99
11.65
10.81
8.88
11.26
10.24
9.61
8.5
6.72
5.8
5.44
6.07
8.49
20.65
21.72
22.54
25.58
27.68
30.1
31.36
33.29
34.28
35.78
35.47
35.78
35.72
35.27
34.19
33.75
32.79
32.52
33.09
33.52
33.96
34.75
34.49
34.46
34.68
34.89
33.48
33.18
32.88
31.97
33.99
33.0
32.73
32.76
29.13
25.49
24.3
26.39
24.88
21.61
22.64
14.29
11.14
12.27
18.87
24.49
24.2
25.81
25.99
26.62
29.24
30.38
31.17
29.86
29.92
30.48
31.66
31.99
31.44
30.72
28.68
27.82
27.26
24.9
26.4
26.1
25.56
25.87
29.27
30.22
27.07
25.56
23.92
23.04
25.68
25.93
25.9
26.7
26.66
25.49
24.68
25.12
24.63
23.29
24.11
23.44
20.68
21.16
22.6
21.96
23.41
23.45
24.49
22.97
18.09
15.52
14.97
13.89
12.06
13.06
10.08
8.33
8.7
8.28
6.82
8.9
11.49
8.99
7.77
5.47
4.22
4.14
2.88
2.48
2.28
1.98
1.85
1.7
1.93
1.96
1.92
2.17
2.81
3.99
5.88
10.62
16.95
19.47
23.99
28.78
29.1
30.68
30.69
30.87
29.24
23.61
23.3
26.54
29.32
30.58
29.88
30.15
31.65
32.85
32.65
32.92
32.67
32.0
32.55
32.16
31.23
30.03
29.3
28.53
26.61
24.03
23.88
23.5
20.97
17.29
14.52
9.28
5.42
4.42
4.23
3.72
4.64
7.24
11.93
17.87
20.65
21.82
21.7
22.13
21.89
22.66
22.11
23.41
25.07
25.12
25.42
25.23
24.27
24.02
23.71
23.23
20.6
17.61
14.38
13.25
12.15
11.3
8.27
5.47
4.8
4.22
3.26
6.16
13.19
9.54
20.03
21.11
19.79
21.92
22.92
22.5
24.84
26.06
26.79
25.94
24.91
24.51
25.87
25.42
21.68
19.13
17.41
14.43
12.04
11.24
10.73
7.89
6.7
7.47
7.75
7.99
6.36
5.94
4.97
3.97
3.53
2.99
3.08
3.06
3.17
2.78
2.56
2.03
1.34
0.94
1.2
1.22
2.21
3.43
5.11
7.35
8.35
8.15
9.13
8.32
8.37
8.64
8.92
10.18
10.76
9.98
8.79
8.17
9.41
11.43
11.44
11.34
10.29
11.47
12.21
13.12
14.03
14.05
13.58
12.65
10.54
7.46
5.48
5.21
4.23
3.75
2.98
2.63
2.5
1.56
1.95
1.63
1.23
1.95
2.82
5.07
9.6
15.0
20.17
22.41
23.28
22.84
23.62
24.82
25.68
24.4
20.28
18.65
20.09
22.64
20.54
16.34
14.07
10.88
10.26
11.36
12.71
13.47
17.75
22.25
26.18
24.37
24.62
23.53
20.27
15.8
17.61
16.86
12.74
13.14
12.68
11.08
14.38
15.95
14.32
12.64
8.44
6.42
4.28
4.15
4.61
3.76
3.7
5.02
6.27
7.81
10.25
9.02
10.22
12.81
10.15
9.3
6.02
4.3
4.13
4.74
4.44
4.7
4.41
4.47
4.02
3.01
5.08
6.19
7.12
11.06
14.99
18.67
23.73
26.1
27.43
24.43
24.72
24.6
24.08
22.54
19.38
21.14
19.04
19.33
18.13
19.65
19.62
20.35
21.05
20.81
20.84
20.19
19.63
20.25
17.37
17.22
15.55
17.68
18.54
16.39
15.75
13.56
12.03
10.9
9.47
9.18
8.97
8.61
8.89
8.23
8.74
8.32
8.5
7.34
6.09
6.37
6.54
6.9
6.38
5.7
4.21
2.81
2.43
2.32
2.32
2.28
2.63
2.92
3.23
3.36
4.14
4.85
5.08
5.37
5.66
5.1
4.92
4.77
4.96
5.13
5.43
5.71
5.3
4.45
3.89
4.6
6.08
7.12
8.59
9.81
9.76
11.09
10.4
11.6
11.98
10.65
12.44
14.91
18.9
23.1
22.66
21.05
17.96
17.18
13.9
10.75
7.05
4.76
3.11
3.61
4.51
5.31
6.74
6.81
8.45
10.68
13.84
15.33
18.8
21.4
25.0
27.1
28.57
28.01
28.99
28.7
28.61
28.49
29.0
30.14
31.29
31.91
31.85
34.51
34.68
32.37
32.3
34.15
33.69
34.35
35.11
34.81
34.78
34.69
34.6
34.9
33.66
31.73
32.89
30.22
28.17
25.07
20.96
20.4
18.13
16.3
11.37
7.34
7.15
6.99
8.04
9.13
11.19
11.5
15.15
18.71
17.91
17.24
19.98
21.72
22.23
22.32
21.53
21.77
21.5
20.54
20.34
18.76
16.82
14.06
16.33
16.15
15.02
16.83
18.56
18.81
17.7
16.89
16.87
15.9
13.94
12.93
11.91
11.47
12.46
14.19
13.61
14.36
13.06
13.38
13.55
13.99
14.12
12.73
10.64
9.37
9.99
9.93
7.57
6.2
10.09
7.45
6.09
8.02
8.65
7.8
3.7
2.75
2.81
2.55
2.6
3.05
3.68
4.33
7.8
12.55
17.77
19.45
18.79
20.38
20.51
21.93
22.37
23.08
23.96
25.06
26.04
27.2
19.42
14.95
16.29
17.88
19.14
19.76
23.74
22.04
19.15
19.59
23.43
21.18
19.85
21.5
24.04
23.36
21.55
21.74
23.29
20.43
16.16
14.08
11.22
10.3
6.73
6.2
5.78
6.4
5.71
5.74
5.96
6.16
9.16
9.92
10.58
14.91
16.27
16.14
19.36
20.73
19.7
18.05
19.79
19.2
19.56
19.08
17.91
20.55
22.01
23.9
24.36
24.27
21.63
24.05
25.38
23.63
22.83
22.47
22.69
23.22
19.93
19.1
16.75
13.79
14.57
12.75
14.36
12.57
13.47
13.4
13.52
11.74
10.96
11.35
13.16
12.38
11.67
12.01
10.59
8.95
9.07
8.99
7.61
9.06
9.33
8.02
6.41
4.44
3.88
3.33
3.25
3.97
6.41
6.36
5.64
5.36
5.01
4.26
3.47
3.37
3.19
3.64
4.26
10.46
14.18
23.53
23.92
24.59
25.28
26.0
27.02
26.02
26.39
27.77
28.14
28.37
30.02
29.92
29.33
29.81
29.31
28.25
28.21
28.16
28.45
29.17
29.82
29.81
29.28
28.86
28.18
27.55
27.49
27.23
27.45
26.48
26.2
26.06
25.2
25.09
25.33
25.79
26.29
27.13
28.0
27.99
28.52
27.94
28.33
28.78
29.51
30.61
30.71
31.52
32.18
31.26
30.55
28.91
28.62
28.4
28.16
27.94
28.75
30.94
31.53
32.84
33.68
33.43
33.01
32.29
30.23
29.47
29.73
30.07
32.62
32.41
32.9
32.39
31.05
30.46
29.37
24.74
20.68
16.96
14.88
11.99
13.08
11.86
10.9
9.89
8.55
8.52
7.79
6.05
6.07
5.61
4.69
4.39
3.96
3.85
3.41
2.91
2.49
2.42
2.35
2.63
2.54
2.48
3.14
3.67
3.14
2.86
4.05
4.3
5.81
6.99
5.61
4.64
5.52
5.46
4.83
5.28
4.72
4.55
4.09
3.63
3.67
4.81
6.6
6.17
8.62
14.68
16.7
12.99
6.73
5.01
3.57
5.36
6.12
6.52
4.17
3.05
2.34
2.99
3.62
3.14
3.23
3.24
2.52
2.23
1.84
2.59
3.02
3.43
4.11
6.28
7.92
9.07
8.78
7.69
6.96
7.48
8.87
10.88
12.76
15.12
17.36
16.54
16.02
16.76
18.02
17.91
19.37
20.84
22.45
22.5
22.79
19.02
17.83
19.78
19.37
20.41
19.7
21.91
21.58
21.7
23.91
26.6
25.99
25.71
25.2
22.87
21.37
20.67
19.72
17.45
16.74
15.5
17.32
16.03
16.12
17.83
14.25
13.13
11.35
10.23
9.85
9.88
8.96
7.62
6.83
6.64
6.04
5.21
5.24
4.55
3.63
3.31
3.81
4.43
3.29
3.82
7.04
11.23
13.72
18.72
22.68
24.17
24.53
23.27
24.2
24.93
27.91
28.58
28.49
27.94
25.75
27.71
26.0
28.97
29.05
27.94
26.33
21.83
18.86
15.41
11.98
7.32
3.79
3.32
2.53
2.97
7.37
15.87
14.88
13.89
21.71
22.74
26.63
27.91
29.9
28.45
25.41
24.38
20.08
26.59
30.93
34.6
34.92
35.3
33.66
33.81
29.78
25.81
25.83
24.24
23.64
25.09
25.76
26.57
26.08
26.94
25.87
25.33
25.37
25.43
24.94
24.86
24.65
24.84
24.83
24.97
21.83
21.36
21.1
20.92
19.34
17.86
19.12
19.12
20.46
20.31
20.46
21.12
17.86
16.47
15.42
17.41
20.18
23.53
24.07
24.91
25.95
27.06
28.52
28.13
28.25
28.24
28.63
29.55
28.46
28.82
26.04
26.46
26.35
26.96
26.65
27.88
27.88
27.77
28.04
26.48
28.09
28.04
27.76
24.58
23.2
20.62
20.55
18.92
19.07
17.87
18.4
18.47
17.95
16.08
14.31
14.32
13.74
11.06
9.93
8.58
7.88
5.5
4.35
3.48
3.47
3.51
2.65
2.48
2.57
2.37
2.5
2.46
3.31
3.45
3.88
6.17
6.63
9.45
13.23
14.88
14.2
8.98
13.5
20.15
17.95
12.77
13.65
16.2
15.87
20.19
23.52
25.67
24.52
24.57
24.44
23.49
23.06
22.22
19.21
16.6
13.12
11.39
8.53
9.32
6.11
4.01
3.04
2.87
4.07
4.54
5.97
5.15
3.62
4.82
5.03
6.97
10.84
10.06
12.12
15.75
18.4
18.04
13.58
8.47
6.15
4.3
2.89
2.33
1.44
1.22
1.22
1.24
1.82
2.4
2.93
3.08
3.64
3.5
3.61
3.54
3.52
3.34
2.98
2.74
3.09
3.08
3.21
3.55
3.05
2.84
4.27
7.71
6.58
5.71
11.76
12.66
13.16
18.74
21.1
22.52
23.72
22.61
24.19
24.95
24.73
25.03
26.87
28.36
30.35
29.56
29.73
31.65
32.43
32.15
31.92
31.5
31.27
31.24
32.33
32.03
31.34
31.64
32.25
33.14
31.81
32.01
31.88
30.51
29.39
28.0
26.09
23.06
21.17
19.6
18.98
18.02
22.6
25.21
24.83
23.03
22.82
24.47
25.3
25.53
23.85
23.93
24.38
23.86
21.19
20.17
16.29
14.16
11.88
8.81
7.93
8.91
8.18
7.36
6.79
5.56
4.99
3.89
2.98
3.04
3.29
3.36
3.11
2.74
2.53
2.54
2.19
2.57
2.87
4.85
7.44
7.58
4.82
2.84
5.24
10.05
9.41
16.09
22.16
27.38
24.8
29.56
28.08
26.11
21.36
22.98
22.87
20.67
19.62
16.91
11.68
12.73
10.68
12.2
18.22
21.3
20.97
23.43
25.08
26.14
26.07
25.29
22.68
22.43
20.2
14.74
11.6
8.48
5.03
2.73
1.09
0.69
1.72
4.33
5.85
5.79
7.97
12.99
11.99
10.96
11.06
8.73
7.76
6.7
6.87
7.85
8.79
10.04
14.49
18.1
17.53
13.24
9.6
9.98
11.61
14.74
18.38
17.45
11.47
9.32
8.7
9.14
9.21
8.0
11.76
18.03
22.32
24.07
21.15
23.17
20.51
26.29
26.61
27.69
28.37
29.81
30.57
33.2
33.11
32.69
34.47
34.16
34.23
35.27
35.69
35.88
35.54
36.93
36.57
36.68
36.78
36.74
35.79
36.5
36.0
34.73
34.25
33.37
29.65
27.3
24.04
23.42
18.45
13.55
9.71
7.83
7.3
8.14
7.79
7.86
7.88
8.42
8.28
7.69
5.63
5.7
5.12
5.63
10.23
14.41
15.02
13.04
18.19
19.84
22.69
17.41
21.77
22.86
19.56
16.23
13.06
9.98
8.12
10.44
9.48
10.73
10.84
12.95
18.14
19.54
24.16
24.93
23.6
24.9
25.94
23.41
23.18
26.54
31.1
32.93
33.39
33.02
33.44
33.75
34.94
34.39
34.06
33.64
32.95
31.91
28.72
24.61
24.89
23.6
18.73
14.99
16.95
15.66
14.82
13.42
12.79
10.46
8.23
6.1
4.86
5.54
4.78
5.06
5.41
7.06
6.19
6.99
6.75
5.36
6.45
7.06
6.56
6.49
5.39
5.72
7.53
7.14
6.81
6.43
3.92
2.74
2.9
4.08
4.72
6.51
7.95
10.17
11.98
12.49
12.99
14.97
15.53
18.29
19.73
18.68
20.0
21.4
18.61
14.96
13.43
13.72
11.82
10.42
10.15
10.13
9.85
11.07
11.87
11.86
9.76
11.14
11.56
9.12
9.41
10.35
9.45
7.96
7.64
5.45
4.81
4.09
4.31
3.84
2.93
3.17
4.61
4.89
5.21
8.49
6.09
3.74
4.61
3.94
8.28
14.48
20.87
22.76
23.69
24.08
25.06
25.36
26.49
27.33
27.2
27.02
23.58
19.68
17.66
12.91
12.38
11.8
9.73
9.67
11.22
12.74
13.79
13.52
13.02
12.48
13.0
11.73
9.05
8.56
8.57
9.1
9.79
11.94
11.9
12.24
12.78
16.86
18.79
22.0
22.87
23.54
21.67
19.56
25.59
27.85
27.54
21.39
20.19
25.04
23.74
19.22
22.31
26.31
25.53
26.15
26.84
26.31
26.27
25.52
25.35
23.71
21.95
21.71
22.61
25.43
26.45
27.69
27.99
28.1
27.19
28.27
27.64
24.74
25.18
23.33
20.73
18.5
16.28
18.11
14.99
12.71
11.74
10.94
12.43
13.1
10.07
8.95
8.87
7.3
5.66
5.17
6.17
6.29
6.74
10.79
14.41
17.05
20.51
25.37
27.74
28.72
30.66
31.96
32.52
34.02
33.39
31.92
32.11
33.65
33.19
32.77
32.11
32.37
32.96
32.38
33.91
34.11
34.42
33.68
33.29
31.22
29.26
26.29
26.18
25.75
24.9
21.92
22.51
22.61
17.41
16.54
19.01
19.79
20.34
19.23
18.27
17.88
18.08
19.1
21.06
22.41
20.0
16.91
15.29
11.28
10.44
10.04
8.77
6.44
4.48
3.6
3.15
2.93
2.71
3.63
3.43
4.53
6.27
9.56
11.39
12.55
15.35
17.02
19.71
23.44
19.84
19.72
18.45
19.83
24.38
20.22
24.85
29.1
27.22
29.53
31.07
33.67
34.82
35.4
34.68
33.22
34.16
35.26
35.15
34.92
33.34
33.56
33.62
35.02
34.36
32.8
33.16
32.63
33.38
31.56
32.93
34.39
33.43
32.19
30.77
29.07
27.61
24.34
18.94
13.2
12.83
16.08
15.68
15.45
11.21
9.61
8.73
8.47
14.54
19.17
22.49
24.17
25.87
